# Las Campanas atmospheric extinction (from pypeit lasillaextinct.dat). col1=wavelength[nm] col2=k[mag/airmass]
310.000 1.53000
320.000 0.94000
330.000 0.72000
340.000 0.60000
350.000 0.52000
360.000 0.46000
370.000 0.41000
380.000 0.37000
390.000 0.33000
400.000 0.30000
410.000 0.27000
420.000 0.25000
430.000 0.22000
440.000 0.20000
450.000 0.19000
460.000 0.17000
470.000 0.16000
480.000 0.16000
490.000 0.14000
500.000 0.13000
520.000 0.12000
540.000 0.11000
560.000 0.11000
580.000 0.10000
600.000 0.09000
620.000 0.08000
640.000 0.07000
660.000 0.05000
680.000 0.04000
700.000 0.04000
720.000 0.03000
740.000 0.03000
760.000 0.02000
780.000 0.02000
800.000 0.02000
820.000 0.02000
840.000 0.01000
860.000 0.01000
880.000 0.01000
900.000 0.01000
