681.387 0.01477
681.547 0.01629
681.707 0.01769
681.867 0.01874
682.027 0.02061
682.186 0.02177
682.346 0.02313
682.506 0.02403
682.666 0.02655
682.826 0.02896
682.986 0.03316
683.146 0.03627
683.306 0.02788
683.466 0.03089
683.626 0.03641
683.786 0.04133
683.946 0.04361
684.106 0.04345
684.266 0.04341
684.426 0.03687
684.586 0.03032
684.746 0.04812
684.906 0.04982
685.066 0.05230
685.226 0.05624
685.386 0.06072
685.546 0.05820
685.706 0.06078
685.866 0.05835
686.026 0.06129
686.185 0.06424
686.345 0.06718
686.505 0.07013
686.665 0.07307
686.825 0.07601
686.985 0.07896
687.145 0.08190
687.305 0.08484
687.465 0.08779
687.625 0.09073
687.785 0.09367
687.945 0.09662
688.105 0.09956
688.265 0.10250
688.425 0.10545
688.585 0.10839
688.745 0.11134
688.905 0.11428
689.065 0.11722
689.225 0.12017
689.385 0.12311
689.545 0.12605
689.705 0.12900
689.865 0.13194
690.025 0.13488
690.185 0.13783
690.344 0.14077
690.504 0.14371
690.664 0.14666
690.824 0.14960
690.984 0.15255
691.144 0.15549
691.304 0.15843
691.464 0.16138
691.624 0.16432
691.784 0.16726
691.944 0.17021
692.104 0.17315
692.264 0.17609
692.424 0.17904
692.584 0.18198
692.744 0.18492
692.904 0.18787
693.064 0.19081
693.224 0.19376
693.384 0.19670
693.544 0.19964
693.704 0.20259
693.864 0.20553
694.024 0.20847
694.184 0.21142
694.344 0.21436
694.503 0.21730
694.663 0.22025
694.823 0.22319
694.983 0.22613
695.143 0.22908
695.303 0.23202
695.463 0.23497
695.623 0.23791
695.783 0.24085
695.943 0.24380
696.103 0.24674
696.263 0.24968
696.423 0.25263
696.583 0.25557
696.743 0.25851
696.903 0.26146
697.063 0.26440
697.223 0.25978
697.383 0.25134
697.543 0.25165
697.703 0.25650
697.863 0.25364
698.023 0.25429
698.183 0.25702
698.343 0.25455
698.502 0.25663
698.662 0.25823
698.822 0.25077
698.982 0.25477
699.142 0.26128
699.302 0.25766
699.462 0.25600
699.622 0.25444
699.782 0.26194
699.942 0.26347
700.102 0.26191
700.262 0.26320
700.422 0.25836
700.582 0.25486
700.742 0.25882
700.902 0.25979
701.062 0.25920
701.222 0.26090
701.382 0.25995
701.542 0.25771
701.702 0.25820
701.862 0.26434
702.022 0.26280
702.182 0.25541
702.342 0.25637
702.502 0.26485
702.661 0.26308
702.821 0.26364
702.981 0.26482
703.141 0.26617
703.301 0.26701
703.461 0.26770
703.621 0.26904
703.781 0.26570
703.941 0.26458
704.101 0.26467
704.261 0.26672
704.421 0.26428
704.581 0.26609
704.741 0.27003
704.901 0.26266
705.061 0.26666
705.221 0.26689
705.381 0.27159
705.541 0.27083
705.701 0.26854
705.861 0.27462
706.021 0.27412
706.181 0.27010
706.341 0.27067
706.501 0.27011
706.660 0.26807
706.820 0.26263
706.980 0.26883
707.140 0.26405
707.300 0.26857
707.460 0.27151
707.620 0.26554
707.780 0.26927
707.940 0.26899
708.100 0.26931
708.260 0.27082
708.420 0.26626
708.580 0.26736
708.740 0.27459
708.900 0.27089
709.060 0.27265
709.220 0.26710
709.380 0.27068
709.540 0.26784
709.700 0.27215
709.860 0.27548
710.020 0.27408
710.180 0.27159
710.340 0.27723
710.500 0.27177
710.660 0.27363
710.819 0.27366
710.979 0.27726
711.139 0.27735
711.299 0.27693
711.459 0.27968
711.619 0.27641
711.779 0.27688
711.939 0.27564
712.099 0.27791
712.259 0.28177
712.419 0.27311
712.579 0.27714
712.739 0.27913
712.899 0.27292
713.059 0.27783
713.219 0.27464
713.379 0.27392
713.539 0.27587
713.699 0.27451
713.859 0.27666
714.019 0.27726
714.179 0.27671
714.339 0.26983
714.499 0.28097
714.659 0.28172
714.819 0.27678
714.978 0.27280
715.138 0.27292
715.298 0.27305
715.458 0.27318
715.618 0.27330
715.778 0.27343
715.938 0.27356
716.098 0.27368
716.258 0.27381
716.418 0.27394
716.578 0.27406
716.738 0.27419
716.898 0.27432
717.058 0.27444
717.218 0.27457
717.378 0.27470
717.538 0.27482
717.698 0.27495
717.858 0.27508
718.018 0.27520
718.178 0.27533
718.338 0.27546
718.498 0.27558
718.658 0.27571
718.818 0.27584
718.977 0.27596
719.137 0.27609
719.297 0.27622
719.457 0.27634
719.617 0.27647
719.777 0.27660
719.937 0.27672
720.097 0.27685
720.257 0.27698
720.417 0.27710
720.577 0.27723
720.737 0.27735
720.897 0.27748
721.057 0.27761
721.217 0.27773
721.377 0.27786
721.537 0.27799
721.697 0.27811
721.857 0.27824
722.017 0.27837
722.177 0.27849
722.337 0.27862
722.497 0.27875
722.657 0.27887
722.817 0.27900
722.977 0.27913
723.136 0.27925
723.296 0.27938
723.456 0.27951
723.616 0.27963
723.776 0.27976
723.936 0.27989
724.096 0.28001
724.256 0.28014
724.416 0.28027
724.576 0.28039
724.736 0.28052
724.896 0.28065
725.056 0.28077
725.216 0.28090
725.376 0.28103
725.536 0.28115
725.696 0.28128
725.856 0.28141
726.016 0.28153
726.176 0.28166
726.336 0.28179
726.496 0.28191
726.656 0.28204
726.816 0.28217
726.976 0.28229
727.135 0.28242
727.295 0.28255
727.455 0.28267
727.615 0.28280
727.775 0.28293
727.935 0.28305
728.095 0.28318
728.255 0.28330
728.415 0.28343
728.575 0.28356
728.735 0.28368
728.895 0.28381
729.055 0.28394
729.215 0.28406
729.375 0.28419
729.535 0.28432
729.695 0.28444
729.855 0.28457
730.015 0.28470
730.175 0.28482
730.335 0.28495
730.495 0.28508
730.655 0.28520
730.815 0.28533
730.975 0.28546
731.135 0.28558
731.294 0.28571
731.454 0.28584
731.614 0.28596
731.774 0.28609
731.934 0.28622
732.094 0.28634
732.254 0.28647
732.414 0.28660
732.574 0.28672
732.734 0.28685
732.894 0.28698
733.054 0.28710
733.214 0.28723
733.374 0.28736
733.534 0.28748
733.694 0.28761
733.854 0.28774
734.014 0.28786
734.174 0.28799
734.334 0.28812
734.494 0.28824
734.654 0.28837
734.814 0.28850
734.974 0.28862
735.134 0.28875
735.294 0.28724
735.453 0.28869
735.613 0.28275
735.773 0.28127
735.933 0.28173
736.093 0.27723
736.253 0.27273
736.413 0.26823
736.573 0.28067
736.733 0.28210
736.893 0.28325
737.053 0.28279
737.213 0.28176
737.373 0.28012
737.533 0.28534
737.693 0.28379
737.853 0.28684
738.013 0.28362
738.173 0.28652
738.333 0.28234
738.493 0.28413
738.653 0.27550
738.813 0.28086
738.973 0.28590
739.133 0.29095
739.293 0.29088
739.452 0.28258
739.612 0.28497
739.772 0.28090
739.932 0.29268
740.092 0.28523
740.252 0.28942
740.412 0.27703
740.572 0.27184
740.732 0.28424
740.892 0.28806
741.052 0.29302
741.212 0.29193
741.372 0.29016
741.532 0.29265
741.692 0.28935
741.852 0.29374
742.012 0.29371
742.172 0.29695
742.332 0.29095
742.492 0.28787
742.652 0.29537
742.812 0.28939
742.972 0.28600
743.132 0.28546
743.292 0.27965
743.452 0.28826
743.611 0.28678
743.771 0.28742
743.931 0.29075
744.091 0.29075
744.251 0.29494
744.411 0.28528
744.571 0.28291
744.731 0.28610
744.891 0.28891
745.051 0.28992
745.211 0.28062
745.371 0.28912
745.531 0.28633
745.691 0.29045
745.851 0.28820
746.011 0.28601
746.171 0.28708
746.331 0.28253
746.491 0.28120
746.651 0.27990
746.811 0.28828
746.971 0.28572
747.131 0.29228
747.291 0.28951
747.451 0.28385
747.610 0.27766
747.770 0.28519
747.930 0.28415
748.090 0.28203
748.250 0.28233
748.410 0.28028
748.570 0.28515
748.730 0.28157
748.890 0.28780
749.050 0.28998
749.210 0.28870
749.370 0.28753
749.530 0.28044
749.690 0.28464
749.850 0.27688
750.010 0.27785
750.170 0.28652
750.330 0.28332
750.490 0.28268
750.650 0.28406
750.810 0.28072
750.970 0.27868
751.130 0.28331
751.290 0.28491
751.450 0.28360
751.610 0.28473
751.769 0.28549
751.929 0.27292
752.089 0.27264
752.249 0.27173
752.409 0.27340
752.569 0.28334
752.729 0.28168
752.889 0.26878
753.049 0.27259
753.209 0.27366
753.369 0.27170
753.529 0.27268
753.689 0.28927
753.849 0.28781
754.009 0.28864
754.169 0.28651
754.329 0.28389
754.489 0.28047
754.649 0.28626
754.809 0.28856
754.969 0.28741
755.129 0.28192
755.289 0.28589
755.449 0.29244
755.609 0.28480
755.769 0.28302
755.928 0.27969
756.088 0.28791
756.248 0.28511
756.408 0.28333
756.568 0.28655
756.728 0.28473
756.888 0.28145
757.048 0.28214
757.208 0.28482
757.368 0.27264
757.528 0.28181
757.688 0.28819
757.848 0.28270
758.008 0.28189
758.168 0.29016
758.328 0.28764
758.488 0.27955
758.648 0.28097
758.808 0.28154
758.968 0.28173
759.128 0.28173
759.288 0.28172
759.448 0.28172
759.608 0.28172
759.768 0.28171
759.927 0.28171
760.087 0.28171
760.247 0.28170
760.407 0.28170
760.567 0.28170
760.727 0.28170
760.887 0.28169
761.047 0.28169
761.207 0.28169
761.367 0.28168
761.527 0.28168
761.687 0.28168
761.847 0.28167
762.007 0.28167
762.167 0.28167
762.327 0.28166
762.487 0.28166
762.647 0.28166
762.807 0.28166
762.967 0.28165
763.127 0.28165
763.287 0.28165
763.447 0.28164
763.607 0.28164
763.767 0.28164
763.927 0.28163
764.086 0.28163
764.246 0.28163
764.406 0.28163
764.566 0.28162
764.726 0.28162
764.886 0.28162
765.046 0.28161
765.206 0.28161
765.366 0.28161
765.526 0.28160
765.686 0.28160
765.846 0.28160
766.006 0.28159
766.166 0.28159
766.326 0.28159
766.486 0.28159
766.646 0.28158
766.806 0.28158
766.966 0.28158
767.126 0.28157
767.286 0.28157
767.446 0.28157
767.606 0.28156
767.766 0.28156
767.926 0.28156
768.085 0.28155
768.245 0.28155
768.405 0.28155
768.565 0.28155
768.725 0.28154
768.885 0.28154
769.045 0.28154
769.205 0.28153
769.365 0.28153
769.525 0.28153
769.685 0.28152
769.845 0.28152
770.005 0.28152
770.165 0.28152
770.325 0.27452
770.485 0.28081
770.645 0.29166
770.805 0.28996
770.965 0.29269
771.125 0.29625
771.285 0.29547
771.445 0.28714
771.605 0.28777
771.765 0.28586
771.925 0.28764
772.085 0.28892
772.244 0.29204
772.404 0.29095
772.564 0.28990
772.724 0.29116
772.884 0.28798
773.044 0.28565
773.204 0.28623
773.364 0.28439
773.524 0.28409
773.684 0.28717
773.844 0.30333
774.004 0.30543
774.164 0.29995
774.324 0.29492
774.484 0.28989
774.644 0.28736
774.804 0.28903
774.964 0.28857
775.124 0.28403
775.284 0.28265
775.444 0.28324
775.604 0.28426
775.764 0.28691
775.924 0.29092
776.084 0.29432
776.244 0.28278
776.403 0.28745
776.563 0.27845
776.723 0.28585
776.883 0.28655
777.043 0.28681
777.203 0.28887
777.363 0.28497
777.523 0.27875
777.683 0.28350
777.843 0.29419
778.003 0.29068
778.163 0.28806
778.323 0.28544
778.483 0.27964
778.643 0.28681
778.803 0.29369
778.963 0.29144
779.123 0.29368
779.283 0.30129
779.443 0.30382
779.603 0.29783
779.763 0.29747
779.923 0.29970
780.083 0.30389
780.243 0.29343
780.402 0.29176
780.562 0.29285
780.722 0.29212
780.882 0.28544
781.042 0.28315
781.202 0.29003
781.362 0.28513
781.522 0.28639
781.682 0.28735
781.842 0.28100
782.002 0.28502
782.162 0.28430
782.322 0.28184
782.482 0.28661
782.642 0.28740
782.802 0.29405
782.962 0.29217
783.122 0.28690
783.282 0.28789
783.442 0.28266
783.602 0.28745
783.762 0.28317
783.922 0.28859
784.082 0.28571
784.242 0.28181
784.402 0.26848
784.561 0.26700
784.721 0.26989
784.881 0.26890
785.041 0.26802
785.201 0.27735
785.361 0.27422
785.521 0.27352
785.681 0.28155
785.841 0.28541
786.001 0.28148
786.161 0.27893
786.321 0.27380
786.481 0.28177
786.641 0.28383
786.801 0.28332
786.961 0.28045
787.121 0.27420
787.281 0.27201
787.441 0.27497
787.601 0.27904
787.761 0.28568
787.921 0.28538
788.081 0.28174
788.241 0.27713
788.401 0.28038
788.560 0.29281
788.720 0.29000
788.880 0.29084
789.040 0.29477
789.200 0.28313
789.360 0.27554
789.520 0.28158
789.680 0.28426
789.840 0.28586
790.000 0.28107
790.160 0.28552
790.320 0.28417
790.480 0.28495
790.640 0.28494
790.800 0.28660
790.960 0.28650
791.120 0.28853
791.280 0.27996
791.440 0.27719
791.600 0.27385
791.760 0.28959
791.920 0.28378
792.080 0.28397
792.240 0.28511
792.400 0.28011
792.560 0.28033
792.719 0.28460
792.879 0.28342
793.039 0.28416
793.199 0.28560
793.359 0.28194
793.519 0.28328
793.679 0.27780
793.839 0.28321
793.999 0.28833
794.159 0.28714
794.319 0.28951
794.479 0.28104
794.639 0.28074
794.799 0.28049
794.959 0.28357
795.119 0.28512
795.279 0.28758
795.439 0.28070
795.599 0.27815
795.759 0.28019
795.919 0.28648
796.079 0.28666
796.239 0.28348
796.399 0.28212
796.559 0.28248
796.719 0.28099
796.878 0.28060
797.038 0.28477
797.198 0.28497
797.358 0.28288
797.518 0.28092
797.678 0.28371
797.838 0.28637
797.998 0.28452
798.158 0.28386
798.318 0.27806
798.478 0.28467
798.638 0.28473
798.798 0.28521
798.958 0.28463
799.118 0.28331
799.278 0.27998
799.438 0.27639
799.598 0.28189
799.758 0.28027
799.918 0.27947
800.078 0.27864
800.238 0.28282
800.398 0.26846
800.558 0.27653
800.718 0.27583
800.877 0.28379
801.037 0.28839
801.197 0.28826
801.357 0.28711
801.517 0.28316
801.677 0.29686
801.837 0.28963
801.997 0.28105
802.157 0.27761
802.317 0.27741
802.477 0.27426
802.637 0.27502
802.797 0.27652
802.957 0.27662
803.117 0.28005
803.277 0.28886
803.437 0.28159
803.597 0.28342
803.757 0.28620
803.917 0.28280
804.077 0.28323
804.237 0.28365
804.397 0.28715
804.557 0.28086
804.717 0.27956
804.877 0.28278
805.036 0.28959
805.196 0.28341
805.356 0.28759
805.516 0.27772
805.676 0.27392
805.836 0.28457
805.996 0.28556
806.156 0.28180
806.316 0.28140
806.476 0.27260
806.636 0.27026
806.796 0.28615
806.956 0.28771
807.116 0.28006
807.276 0.28186
807.436 0.27646
807.596 0.28172
807.756 0.27980
807.916 0.28008
808.076 0.28006
808.236 0.28261
808.396 0.28121
808.556 0.27447
808.716 0.28662
808.876 0.28128
809.035 0.28139
809.195 0.27979
809.355 0.27973
809.515 0.27430
809.675 0.27930
809.835 0.27983
809.995 0.27715
810.155 0.27714
810.315 0.27713
810.475 0.27712
810.635 0.27711
810.795 0.27711
810.955 0.27710
811.115 0.27709
811.275 0.27708
811.435 0.27707
811.595 0.27706
811.755 0.27705
811.915 0.27704
812.075 0.27703
812.235 0.27702
812.395 0.27701
812.555 0.27700
812.715 0.27699
812.875 0.27699
813.035 0.27698
813.194 0.27697
813.354 0.27696
813.514 0.27695
813.674 0.27694
813.834 0.27693
813.994 0.27692
814.154 0.27691
814.314 0.27690
814.474 0.27689
814.634 0.27688
814.794 0.27688
814.954 0.27687
815.114 0.27686
815.274 0.27685
815.434 0.27684
815.594 0.27683
815.754 0.27682
815.914 0.27681
816.074 0.27680
816.234 0.27679
816.394 0.27678
816.554 0.27677
816.714 0.27676
816.874 0.27676
817.034 0.27675
817.194 0.27674
817.353 0.27673
817.513 0.27672
817.673 0.27671
817.833 0.27670
817.993 0.27669
818.153 0.27668
818.313 0.27667
818.473 0.27666
818.633 0.27665
818.793 0.27665
818.953 0.27664
819.113 0.27663
819.273 0.27662
819.433 0.27661
819.593 0.27660
819.753 0.27659
819.913 0.27658
820.073 0.27657
820.233 0.27656
820.393 0.27655
820.553 0.27654
820.713 0.27653
820.873 0.27653
821.033 0.27652
821.193 0.27651
821.353 0.27650
821.513 0.27649
821.672 0.27648
821.832 0.27647
821.992 0.27646
822.152 0.27645
822.312 0.27644
822.472 0.27643
822.632 0.27642
822.792 0.27641
822.952 0.27641
823.112 0.27640
823.272 0.27639
823.432 0.27638
823.592 0.27637
823.752 0.27636
823.912 0.27635
824.072 0.27634
824.232 0.27633
824.392 0.27632
824.552 0.27631
824.712 0.27630
824.872 0.27630
825.032 0.27629
825.192 0.27628
825.352 0.27627
825.512 0.27626
825.671 0.27625
825.831 0.27624
825.991 0.27623
826.151 0.27622
826.311 0.27621
826.471 0.27620
826.631 0.27619
826.791 0.27618
826.951 0.27618
827.111 0.27617
827.271 0.27616
827.431 0.27615
827.591 0.27614
827.751 0.27613
827.911 0.27612
828.071 0.27611
828.231 0.27610
828.391 0.27609
828.551 0.27608
828.711 0.27607
828.871 0.27607
829.031 0.27606
829.191 0.27605
829.351 0.27604
829.511 0.27603
829.671 0.27602
829.830 0.27601
829.990 0.27600
830.150 0.27599
830.310 0.27598
830.470 0.27597
830.630 0.27596
830.790 0.27595
830.950 0.27595
831.110 0.27594
831.270 0.27593
831.430 0.27592
831.590 0.27591
831.750 0.27590
831.910 0.27589
832.070 0.27588
832.230 0.27587
832.390 0.27586
832.550 0.27585
832.710 0.27584
832.870 0.27584
833.030 0.27583
833.190 0.27582
833.350 0.27581
833.510 0.27580
833.670 0.27579
833.829 0.27578
833.989 0.27577
834.149 0.27576
834.309 0.27575
834.469 0.27574
834.629 0.27573
834.789 0.27572
834.949 0.27572
835.109 0.27571
835.269 0.27570
835.429 0.27569
835.589 0.27568
835.749 0.27567
835.909 0.27566
836.069 0.27565
836.229 0.27564
836.389 0.27563
836.549 0.27562
836.709 0.27561
836.869 0.27561
837.029 0.27560
837.189 0.27559
837.349 0.27558
837.509 0.27557
837.669 0.27556
837.829 0.27555
837.988 0.27554
838.148 0.27553
838.308 0.27552
838.468 0.27551
838.628 0.27550
838.788 0.27549
838.948 0.27549
839.108 0.27548
839.268 0.27547
839.428 0.27546
839.588 0.27545
839.748 0.27544
839.908 0.27543
840.068 0.27542
840.228 0.25694
840.388 0.26672
840.548 0.27650
840.708 0.27463
840.868 0.27665
841.028 0.27541
841.188 0.27462
841.348 0.27056
841.508 0.26957
841.668 0.26271
841.828 0.25585
841.987 0.24899
842.147 0.26771
842.307 0.26401
842.467 0.26261
842.627 0.26478
842.787 0.26570
842.947 0.26482
843.107 0.26627
843.267 0.26314
843.427 0.26505
843.587 0.26509
843.747 0.25890
843.907 0.26531
844.067 0.26884
844.227 0.26853
844.387 0.26926
844.547 0.27069
844.707 0.27000
844.867 0.26237
845.027 0.27702
845.187 0.27241
845.347 0.26828
845.507 0.27133
845.667 0.27008
845.827 0.27940
845.987 0.25762
846.146 0.25807
846.306 0.25751
846.466 0.26060
846.626 0.26981
846.786 0.26290
846.946 0.25899
847.106 0.26667
847.266 0.25912
847.426 0.26389
847.586 0.26165
847.746 0.26163
847.906 0.26295
848.066 0.26312
848.226 0.26399
848.386 0.26799
848.546 0.26631
848.706 0.26469
848.866 0.26646
849.026 0.25920
849.186 0.26128
849.346 0.26161
849.506 0.25925
849.666 0.25596
849.826 0.25957
849.986 0.24861
850.146 0.25285
850.305 0.25493
850.465 0.25737
850.625 0.25749
850.785 0.25941
850.945 0.25160
851.105 0.26050
851.265 0.25928
851.425 0.25658
851.585 0.26121
851.745 0.25631
851.905 0.25657
852.065 0.25522
852.225 0.25234
852.385 0.25793
852.545 0.25828
852.705 0.25758
852.865 0.25629
853.025 0.25970
853.185 0.25800
853.345 0.26241
853.505 0.25201
853.665 0.25769
853.825 0.25846
853.985 0.25241
854.145 0.24649
854.304 0.25086
854.464 0.24598
854.624 0.24797
854.784 0.25174
854.944 0.24863
855.104 0.24679
855.264 0.24922
855.424 0.25552
855.584 0.25387
855.744 0.25249
855.904 0.25331
856.064 0.25098
856.224 0.25794
856.384 0.25300
856.544 0.25441
856.704 0.26089
856.864 0.25916
857.024 0.24682
857.184 0.25516
857.344 0.25717
857.504 0.25850
857.664 0.25584
857.824 0.25816
857.984 0.25968
858.144 0.25944
858.304 0.26327
858.463 0.25309
858.623 0.26058
858.783 0.24759
858.943 0.25037
859.103 0.25040
859.263 0.25197
859.423 0.25262
859.583 0.25015
859.743 0.25120
859.903 0.24784
860.063 0.24621
860.223 0.24819
860.383 0.24124
860.543 0.23935
860.703 0.25435
860.863 0.25683
861.023 0.24813
861.183 0.25024
861.343 0.25724
861.503 0.25486
861.663 0.25068
861.823 0.25038
861.983 0.25570
862.143 0.25260
862.303 0.24781
862.462 0.24001
862.622 0.24013
862.782 0.24286
862.942 0.23843
863.102 0.24632
863.262 0.24589
863.422 0.24421
863.582 0.23880
863.742 0.24805
863.902 0.24330
864.062 0.25116
864.222 0.24910
864.382 0.24955
864.542 0.24579
864.702 0.24668
864.862 0.24145
865.022 0.25003
865.182 0.24340
865.342 0.24201
865.502 0.23836
865.662 0.23594
865.822 0.23504
865.982 0.24239
866.142 0.23990
866.302 0.23322
866.462 0.23174
866.621 0.23433
866.781 0.24347
866.941 0.24526
867.101 0.25020
867.261 0.24173
867.421 0.24173
867.581 0.24047
867.741 0.23660
867.901 0.24514
868.061 0.23821
868.221 0.24403
868.381 0.24084
868.541 0.24145
868.701 0.24711
868.861 0.24767
869.021 0.24018
869.181 0.24019
869.341 0.24336
869.501 0.23930
869.661 0.24095
869.821 0.23669
869.981 0.24239
870.141 0.24433
870.301 0.24701
870.461 0.24379
870.621 0.24420
870.780 0.24295
870.940 0.24057
871.100 0.23819
871.260 0.23581
871.420 0.23445
871.580 0.23791
871.740 0.24406
871.900 0.24605
872.060 0.23936
872.220 0.24832
872.380 0.24061
872.540 0.24491
872.700 0.24613
872.860 0.23968
873.020 0.24366
873.180 0.23691
873.340 0.24288
873.500 0.24112
873.660 0.23366
873.820 0.23663
873.980 0.24239
874.140 0.22765
874.300 0.23600
874.460 0.23541
874.620 0.23258
874.779 0.23390
874.939 0.22903
875.099 0.23131
875.259 0.24082
875.419 0.23959
875.579 0.23669
875.739 0.23540
875.899 0.23199
876.059 0.23672
876.219 0.23067
876.379 0.23769
876.539 0.23581
876.699 0.23264
876.859 0.21915
877.019 0.21707
877.179 0.21172
877.339 0.20638
877.499 0.22277
877.659 0.22346
877.819 0.22469
877.979 0.22614
878.139 0.22839
878.299 0.22837
878.459 0.22710
878.619 0.22790
878.779 0.22870
878.938 0.22827
879.098 0.23555
879.258 0.23169
879.418 0.23646
879.578 0.23502
879.738 0.23832
879.898 0.23447
880.058 0.23754
880.218 0.23538
880.378 0.24326
880.538 0.23933
880.698 0.24462
880.858 0.23767
881.018 0.23458
881.178 0.23845
881.338 0.23979
881.498 0.23959
881.658 0.23070
881.818 0.23184
881.978 0.22603
882.138 0.22998
882.298 0.23345
882.458 0.23436
882.618 0.22950
882.778 0.22761
882.938 0.21404
883.097 0.21339
883.257 0.20872
883.417 0.20289
883.577 0.20298
883.737 0.20536
883.897 0.21638
884.057 0.21656
884.217 0.22564
884.377 0.22933
884.537 0.23043
884.697 0.22264
884.857 0.23079
885.017 0.22699
885.177 0.23091
885.337 0.22350
885.497 0.22442
885.657 0.22738
885.817 0.23064
885.977 0.22553
886.137 0.22533
886.297 0.22316
886.457 0.22283
886.617 0.22566
886.777 0.21925
886.937 0.21840
887.096 0.21913
887.256 0.22506
887.416 0.22512
887.576 0.22798
887.736 0.22691
887.896 0.22755
888.056 0.22584
888.216 0.22640
888.376 0.22438
888.536 0.22349
888.696 0.22813
888.856 0.21973
889.016 0.22618
889.176 0.21562
889.336 0.21096
889.496 0.21189
889.656 0.21181
889.816 0.21174
990.271 0.03332
990.431 0.03356
990.591 0.03538
990.751 0.03555
990.911 0.03707
991.071 0.03468
991.231 0.03430
991.391 0.03454
991.551 0.03532
991.711 0.03280
991.871 0.03444
992.031 0.03412
992.191 0.03366
992.351 0.03225
992.511 0.03270
992.671 0.03315
992.831 0.03360
992.991 0.03347
993.151 0.03334
993.311 0.03322
993.471 0.03309
993.630 0.03296
993.790 0.03283
993.950 0.03425
994.110 0.03284
994.270 0.03279
994.430 0.03288
994.590 0.03297
994.750 0.03306
994.910 0.03315
995.070 0.03324
995.230 0.03333
995.390 0.03341
995.550 0.03350
995.710 0.03359
995.870 0.03368
996.030 0.03377
996.190 0.03386
996.350 0.03395
996.510 0.03523
996.670 0.03681
996.830 0.03378
996.990 0.03281
997.150 0.03244
