333.945 0.00610
334.021 0.00705
334.097 0.00801
334.173 0.00828
334.249 0.00855
334.324 0.00883
334.400 0.00738
334.476 0.00661
334.552 0.00907
334.628 0.01153
334.704 0.01235
334.780 0.00563
334.856 0.00948
334.932 0.01134
335.008 0.00566
335.084 0.00624
335.160 0.00895
335.235 0.00911
335.311 0.00848
335.387 0.00775
335.463 0.00770
335.539 0.00726
335.615 0.00740
335.691 0.00750
335.767 0.00860
335.843 0.00693
335.919 0.00718
335.995 0.00844
336.071 0.00756
336.146 0.00835
336.222 0.00872
336.298 0.00872
336.374 0.00884
336.450 0.00943
336.526 0.00967
336.602 0.00987
336.678 0.01060
336.754 0.00885
336.830 0.00781
336.906 0.00862
336.982 0.01027
337.057 0.01085
337.133 0.01050
337.209 0.00996
337.285 0.01003
337.361 0.01017
337.437 0.00944
337.513 0.00971
337.589 0.01161
337.665 0.01231
337.741 0.01139
337.817 0.01179
337.893 0.01101
337.968 0.01150
338.044 0.01360
338.120 0.01250
338.196 0.01380
338.272 0.01510
338.348 0.01426
338.424 0.01348
338.500 0.01398
338.576 0.01595
338.652 0.01414
338.728 0.01448
338.803 0.01451
338.879 0.01420
338.955 0.01419
339.031 0.01558
339.107 0.01565
339.183 0.01625
339.259 0.01727
339.335 0.01720
339.411 0.01670
339.487 0.01694
339.563 0.01764
339.639 0.01717
339.714 0.01664
339.790 0.01761
339.866 0.01743
339.942 0.01683
340.018 0.01967
340.094 0.02055
340.170 0.01909
340.246 0.01953
340.322 0.01907
340.398 0.02107
340.474 0.02052
340.550 0.01853
340.625 0.01990
340.701 0.02078
340.777 0.02232
340.853 0.02170
340.929 0.02041
341.005 0.02201
341.081 0.02182
341.157 0.02271
341.233 0.02236
341.309 0.02305
341.385 0.02435
341.461 0.02530
341.536 0.02189
341.612 0.02486
341.688 0.02348
341.764 0.02245
341.840 0.02640
341.916 0.02516
341.992 0.02685
342.068 0.02692
342.144 0.02932
342.220 0.02608
342.296 0.02881
342.372 0.03003
342.447 0.03099
342.523 0.03043
342.599 0.03097
342.675 0.03094
342.751 0.03175
342.827 0.03009
342.903 0.02968
342.979 0.02973
343.055 0.03412
343.131 0.03310
343.207 0.03417
343.283 0.03512
343.358 0.03448
343.434 0.03407
343.510 0.03690
343.586 0.03747
343.662 0.03635
343.738 0.03571
343.814 0.03711
343.890 0.03517
343.966 0.03538
344.042 0.03664
344.118 0.03396
344.194 0.03413
344.269 0.03725
344.345 0.04125
344.421 0.03903
344.497 0.03677
344.573 0.03809
344.649 0.04083
344.725 0.04232
344.801 0.04045
344.877 0.04224
344.953 0.04199
345.029 0.03902
345.104 0.04170
345.180 0.04455
345.256 0.04358
345.332 0.04562
345.408 0.04584
345.484 0.04506
345.560 0.04610
345.636 0.04801
345.712 0.04741
345.788 0.04362
345.864 0.04757
345.940 0.04601
346.015 0.04753
346.091 0.04761
346.167 0.04751
346.243 0.04559
346.319 0.05060
346.395 0.05020
346.471 0.04457
346.547 0.04704
346.623 0.04903
346.699 0.04935
346.775 0.04766
346.851 0.04917
346.926 0.04807
347.002 0.04982
347.078 0.04838
347.154 0.05027
347.230 0.05189
347.306 0.05038
347.382 0.05074
347.458 0.05610
347.534 0.05747
347.610 0.05768
347.686 0.05702
347.762 0.05554
347.837 0.05738
347.913 0.05814
347.989 0.05963
348.065 0.05686
348.141 0.05720
348.217 0.05888
348.293 0.06012
348.369 0.06187
348.445 0.06195
348.521 0.06369
348.597 0.05866
348.673 0.06025
348.748 0.06145
348.824 0.06154
348.900 0.05771
348.976 0.05840
349.052 0.06174
349.128 0.05994
349.204 0.06001
349.280 0.06233
349.356 0.06284
349.432 0.06520
349.508 0.06522
349.583 0.06365
349.659 0.06362
349.735 0.06416
349.811 0.06478
349.887 0.06341
349.963 0.06429
350.039 0.06565
350.115 0.06819
350.191 0.06647
350.267 0.06861
350.343 0.07067
350.419 0.06887
350.494 0.06947
350.570 0.07232
350.646 0.07123
350.722 0.06925
350.798 0.06942
350.874 0.07399
350.950 0.07589
351.026 0.07512
351.102 0.07397
351.178 0.07391
351.254 0.07422
351.330 0.07685
351.405 0.07689
351.481 0.07222
351.557 0.07117
351.633 0.07353
351.709 0.07667
351.785 0.07501
351.861 0.07734
351.937 0.07860
352.013 0.07417
352.089 0.07754
352.165 0.07884
352.241 0.07960
352.316 0.07747
352.392 0.08000
352.468 0.08090
352.544 0.08343
352.620 0.07986
352.696 0.08063
352.772 0.08336
352.848 0.08012
352.924 0.07917
353.000 0.08501
353.076 0.08443
353.152 0.08229
353.227 0.08528
353.303 0.08473
353.379 0.08230
353.455 0.08937
353.531 0.08576
353.607 0.08515
353.683 0.08554
353.759 0.08720
353.835 0.09125
353.911 0.09119
353.987 0.08957
354.062 0.09028
354.138 0.08739
354.214 0.09107
354.290 0.09216
354.366 0.09355
354.442 0.09282
354.518 0.09004
354.594 0.09059
354.670 0.09145
354.746 0.08992
354.822 0.09436
354.898 0.09371
354.973 0.09289
355.049 0.09322
355.125 0.09254
355.201 0.09333
355.277 0.09656
355.353 0.09662
355.429 0.09666
355.505 0.09508
355.581 0.09797
355.657 0.10000
355.733 0.09611
355.809 0.09948
355.884 0.10015
355.960 0.09889
356.036 0.10062
356.112 0.10017
356.188 0.09847
356.264 0.09857
356.340 0.09796
356.416 0.09764
356.492 0.09885
356.568 0.10151
356.644 0.10201
356.720 0.10473
356.795 0.09787
356.871 0.10153
356.947 0.10041
357.023 0.10108
357.099 0.10096
357.175 0.10472
357.251 0.10668
357.327 0.10455
357.403 0.10533
357.479 0.10816
357.555 0.10475
357.631 0.10719
357.706 0.10861
357.782 0.10703
357.858 0.10453
357.934 0.10706
358.010 0.10423
358.086 0.10872
358.162 0.11170
358.238 0.11161
358.314 0.11225
358.390 0.11151
358.466 0.11202
358.542 0.10971
358.617 0.11184
358.693 0.11234
358.769 0.11246
358.845 0.10912
358.921 0.11421
358.997 0.11432
359.073 0.10595
359.149 0.10933
359.225 0.11271
359.301 0.11464
359.377 0.11346
359.453 0.11171
359.528 0.11274
359.604 0.11255
359.680 0.11257
359.756 0.11375
359.832 0.11336
359.908 0.11649
359.984 0.11606
360.060 0.11536
360.136 0.11638
360.212 0.11629
360.288 0.11771
360.364 0.11722
360.439 0.12128
360.515 0.12018
360.591 0.11986
360.667 0.12121
360.743 0.12107
360.819 0.12183
360.895 0.12183
360.971 0.11982
361.047 0.11783
361.123 0.12186
361.199 0.12058
361.274 0.12217
361.350 0.12043
361.426 0.11852
361.502 0.12088
361.578 0.12672
361.654 0.12160
361.730 0.12433
361.806 0.12644
361.882 0.12701
361.958 0.12533
362.034 0.12439
362.110 0.12721
362.185 0.12665
362.261 0.12800
362.337 0.12737
362.413 0.13240
362.489 0.13278
362.565 0.12641
362.641 0.12936
362.717 0.12866
362.793 0.12648
362.869 0.13007
362.945 0.12888
363.021 0.12860
363.096 0.13232
363.172 0.13674
363.248 0.13350
363.324 0.13293
363.400 0.13631
363.476 0.13487
363.552 0.12946
363.628 0.13116
363.704 0.13392
363.780 0.13613
363.856 0.13614
363.932 0.13437
364.007 0.13591
364.083 0.13943
364.159 0.13370
364.235 0.13566
364.311 0.13959
364.387 0.13753
364.463 0.13656
364.539 0.13982
364.615 0.13959
364.691 0.13957
364.767 0.13700
364.843 0.13993
364.918 0.14087
364.994 0.14193
365.070 0.14085
365.146 0.14206
365.222 0.14186
365.298 0.14258
365.374 0.14153
365.450 0.14413
365.526 0.14392
365.602 0.14220
365.678 0.14360
365.754 0.14389
365.829 0.14141
365.905 0.14304
365.981 0.14318
366.057 0.14521
366.133 0.14618
366.209 0.14418
366.285 0.14410
366.361 0.14347
366.437 0.15132
366.513 0.14610
366.589 0.14572
366.665 0.15013
366.740 0.15035
366.816 0.14883
366.892 0.14967
366.968 0.14906
367.044 0.14995
367.120 0.14585
367.196 0.15072
367.272 0.14972
367.348 0.15094
367.424 0.15035
367.500 0.14944
367.575 0.15035
367.651 0.15058
367.727 0.15068
367.803 0.15248
367.879 0.14794
367.955 0.14966
368.031 0.14983
368.107 0.14838
368.183 0.14888
368.259 0.14974
368.335 0.15332
368.411 0.15274
368.486 0.15195
368.562 0.15289
368.638 0.15625
368.714 0.15376
368.790 0.15278
368.866 0.15473
368.942 0.15537
369.018 0.15538
369.094 0.15671
369.170 0.15641
369.246 0.15931
369.322 0.15677
369.397 0.15855
369.473 0.15949
369.549 0.15777
369.625 0.15957
369.701 0.15784
369.777 0.16003
369.853 0.15712
369.929 0.16209
370.005 0.16202
370.081 0.16270
370.157 0.16307
370.233 0.15840
370.308 0.15665
370.384 0.15998
370.460 0.16229
370.536 0.15956
370.612 0.15925
370.688 0.15997
370.764 0.16068
370.840 0.16099
370.916 0.16203
370.992 0.16348
371.068 0.16551
371.144 0.16225
371.219 0.16356
371.295 0.16316
371.371 0.16136
371.447 0.16265
371.523 0.16342
371.599 0.16263
371.675 0.16354
371.751 0.16534
371.827 0.16535
371.903 0.16459
371.979 0.16377
372.054 0.16620
372.130 0.16717
372.206 0.16680
372.282 0.16362
372.358 0.16477
372.434 0.15935
372.510 0.15715
372.586 0.16115
372.662 0.16515
372.738 0.16397
372.814 0.16421
372.890 0.16537
372.965 0.16779
373.041 0.16388
373.117 0.16469
373.193 0.16598
373.269 0.16656
373.345 0.16366
373.421 0.16612
373.497 0.16630
373.573 0.16273
373.649 0.16571
373.725 0.16312
373.801 0.16594
373.876 0.16715
373.952 0.16816
374.028 0.16747
374.104 0.16762
374.180 0.16802
374.256 0.17204
374.332 0.17149
374.408 0.17080
374.484 0.17210
374.560 0.17262
374.636 0.17230
374.712 0.16850
374.787 0.17143
374.863 0.17315
374.939 0.16814
375.015 0.16649
375.091 0.16559
375.167 0.16659
375.243 0.16476
375.319 0.16543
375.395 0.16762
375.471 0.17041
375.547 0.17071
375.623 0.17140
375.698 0.17318
375.774 0.17335
375.850 0.17310
375.926 0.17399
376.002 0.17681
376.078 0.17378
376.154 0.17258
376.230 0.17328
376.306 0.17382
376.382 0.17208
376.458 0.17445
376.533 0.17473
376.609 0.17184
376.685 0.16895
376.761 0.17415
376.837 0.17216
376.913 0.17017
376.989 0.16818
377.065 0.16815
377.141 0.16681
377.217 0.16181
377.293 0.16258
377.369 0.16941
377.444 0.17128
377.520 0.16972
377.596 0.17181
377.672 0.17832
377.748 0.17709
377.824 0.17540
377.900 0.17946
377.976 0.18366
378.052 0.18101
378.128 0.17924
378.204 0.18222
378.280 0.18286
378.355 0.18466
378.431 0.18104
378.507 0.18332
378.583 0.18381
378.659 0.18016
378.735 0.18248
378.811 0.18246
378.887 0.18269
378.963 0.18323
379.039 0.18425
379.115 0.18451
379.191 0.18347
379.266 0.18415
379.342 0.17967
379.418 0.17716
379.494 0.17813
379.570 0.17745
379.646 0.17770
379.722 0.17743
379.798 0.16987
379.874 0.16886
379.950 0.17159
380.026 0.17045
380.102 0.17292
380.177 0.17694
380.253 0.17676
380.329 0.17995
380.405 0.18345
380.481 0.18483
380.557 0.18040
380.633 0.18344
380.709 0.18626
380.785 0.18543
380.861 0.18608
380.937 0.18764
381.013 0.18641
381.088 0.18505
381.164 0.18463
381.240 0.18725
381.316 0.18810
381.392 0.18495
381.468 0.18295
381.544 0.18311
381.620 0.18327
381.696 0.18343
381.772 0.18359
381.848 0.18375
381.924 0.18391
381.999 0.18407
382.075 0.18423
382.151 0.18439
382.227 0.18454
382.303 0.18470
382.379 0.18486
382.455 0.18502
382.531 0.18518
382.607 0.18534
382.683 0.18550
382.759 0.18566
382.834 0.18582
382.910 0.18598
382.986 0.18614
383.062 0.18629
383.138 0.18645
383.214 0.18661
383.290 0.18677
383.366 0.18693
383.442 0.18709
383.518 0.18725
383.594 0.18741
383.670 0.18757
383.745 0.18773
383.821 0.18789
383.897 0.18805
383.973 0.18820
384.049 0.18836
384.125 0.18852
384.201 0.18868
384.277 0.18884
384.353 0.18900
384.429 0.18916
384.505 0.18932
384.581 0.18948
384.656 0.18964
384.732 0.18980
384.808 0.18995
384.884 0.19011
384.960 0.19027
385.036 0.19043
385.112 0.19059
385.188 0.19075
385.264 0.19091
385.340 0.19107
385.416 0.19123
385.492 0.19139
385.567 0.19155
385.643 0.19319
385.719 0.19230
385.795 0.19236
385.871 0.19155
385.947 0.19534
386.023 0.19572
386.099 0.19137
386.175 0.19044
386.251 0.19068
386.327 0.19210
386.403 0.19214
386.478 0.19218
386.554 0.19222
386.630 0.19226
386.706 0.19230
386.782 0.19233
386.858 0.19237
386.934 0.19241
387.010 0.19245
387.086 0.19249
387.162 0.19253
387.238 0.19257
387.314 0.19261
387.389 0.19265
387.465 0.19269
387.541 0.19272
387.617 0.19276
387.693 0.19280
387.769 0.19284
387.845 0.19288
387.921 0.19292
387.997 0.19296
388.073 0.19300
388.149 0.19304
388.225 0.19307
388.300 0.19311
388.376 0.19315
388.452 0.19319
388.528 0.19323
388.604 0.19327
388.680 0.19331
388.756 0.19335
388.832 0.19339
388.908 0.19343
388.984 0.19346
389.060 0.19350
389.135 0.19354
389.211 0.19358
389.287 0.19362
389.363 0.19366
389.439 0.19370
389.515 0.19374
389.591 0.19378
389.667 0.19381
389.743 0.19385
389.819 0.19389
389.895 0.19393
389.971 0.19397
390.046 0.19401
390.122 0.19405
390.198 0.19409
390.274 0.19413
390.350 0.19417
390.426 0.19420
390.502 0.19424
390.578 0.19428
390.654 0.19432
390.730 0.19436
390.806 0.19440
390.882 0.19444
390.957 0.19448
391.033 0.19452
391.109 0.19456
391.185 0.19459
391.261 0.19463
391.337 0.19467
391.413 0.19471
391.489 0.19475
391.565 0.19654
391.641 0.19467
391.717 0.18793
391.793 0.19151
391.868 0.19123
391.944 0.19552
392.020 0.19494
392.096 0.19494
392.172 0.19176
392.248 0.19287
392.324 0.19534
392.400 0.19549
392.476 0.19474
392.552 0.19581
392.628 0.19525
392.704 0.19740
392.779 0.19798
392.855 0.19816
392.931 0.19969
393.007 0.19713
393.083 0.19902
393.159 0.19964
393.235 0.19869
393.311 0.20089
393.387 0.20644
393.463 0.20175
393.539 0.20175
393.615 0.20174
393.690 0.20222
393.766 0.20319
393.842 0.20336
393.918 0.20273
393.994 0.20273
394.070 0.20273
394.146 0.20273
394.222 0.20274
394.298 0.20274
394.374 0.20274
394.450 0.20274
394.525 0.20274
394.601 0.20275
394.677 0.20275
394.753 0.20275
394.829 0.20275
394.905 0.20275
394.981 0.20275
395.057 0.20276
395.133 0.20276
395.209 0.20276
395.285 0.20276
395.361 0.20276
395.436 0.20277
395.512 0.20277
395.588 0.20277
395.664 0.20277
395.740 0.20277
395.816 0.20278
395.892 0.20278
395.968 0.20278
396.044 0.20278
396.120 0.20278
396.196 0.20279
396.272 0.20279
396.347 0.20279
396.423 0.20279
396.499 0.20279
396.575 0.20280
396.651 0.20280
396.727 0.20280
396.803 0.20280
396.879 0.20280
396.955 0.20280
397.031 0.20281
397.107 0.20281
397.183 0.20281
397.258 0.20281
397.334 0.20281
397.410 0.20282
397.486 0.20282
397.562 0.20282
397.638 0.20282
397.714 0.20282
397.790 0.20283
397.866 0.20283
397.942 0.20283
398.018 0.20283
398.094 0.20283
398.169 0.20284
398.245 0.20284
398.321 0.20284
398.397 0.20284
398.473 0.20284
398.549 0.20285
398.625 0.20285
398.701 0.20285
398.777 0.20285
398.853 0.20285
398.929 0.20286
399.004 0.20286
399.080 0.20286
399.156 0.20286
399.232 0.20286
399.308 0.20286
399.384 0.20287
399.460 0.20287
399.536 0.20287
399.612 0.20287
399.688 0.20287
399.764 0.20288
399.840 0.20288
399.915 0.20288
399.991 0.20288
400.067 0.20288
400.143 0.20673
400.219 0.20514
400.295 0.20478
400.371 0.20602
400.447 0.20759
400.523 0.20971
400.599 0.20822
400.675 0.20809
400.751 0.20879
400.826 0.21049
400.902 0.21134
400.978 0.21222
401.054 0.21179
401.130 0.21205
401.206 0.21133
401.282 0.20969
401.358 0.20972
401.434 0.21055
401.510 0.21281
401.586 0.21428
401.662 0.21480
401.737 0.21319
401.813 0.20632
401.889 0.20876
401.965 0.21120
402.041 0.21207
402.117 0.21233
402.193 0.21707
402.269 0.22182
402.345 0.22767
402.421 0.22527
402.497 0.22288
402.573 0.22390
402.648 0.22876
402.724 0.22957
402.800 0.22883
402.876 0.23013
402.952 0.21451
403.028 0.20914
403.104 0.20879
403.180 0.20358
403.256 0.21034
403.332 0.21480
403.408 0.21496
403.484 0.21459
403.559 0.21678
403.635 0.21454
403.711 0.21436
403.787 0.21481
403.863 0.21692
403.939 0.21729
404.015 0.21773
404.091 0.21646
404.167 0.21357
404.243 0.21302
404.319 0.21557
404.395 0.21413
404.470 0.21402
404.546 0.21438
404.622 0.21459
404.698 0.21481
404.774 0.21502
404.850 0.21523
404.926 0.21529
405.002 0.21559
405.078 0.21716
405.154 0.21810
405.230 0.21903
405.305 0.21714
405.381 0.21508
405.457 0.21578
405.533 0.21623
405.609 0.21870
405.685 0.21816
405.761 0.21820
405.837 0.21892
405.913 0.21837
405.989 0.22045
406.065 0.21357
406.141 0.21754
406.216 0.22151
406.292 0.22066
406.368 0.22271
406.444 0.21936
406.520 0.22015
406.596 0.20614
406.672 0.20642
406.748 0.20669
406.824 0.20696
406.900 0.20723
406.976 0.20750
407.052 0.20778
407.127 0.20805
407.203 0.20832
407.279 0.20859
407.355 0.20886
407.431 0.20913
407.507 0.20941
407.583 0.20968
407.659 0.20995
407.735 0.21022
407.811 0.21049
407.887 0.21077
407.963 0.21104
408.038 0.21131
408.114 0.21158
408.190 0.21185
408.266 0.21212
408.342 0.21240
408.418 0.21267
408.494 0.21294
408.570 0.21321
408.646 0.21348
408.722 0.21375
408.798 0.21403
408.874 0.21430
408.949 0.21457
409.025 0.21484
409.101 0.21511
409.177 0.21539
409.253 0.21566
409.329 0.21593
409.405 0.21620
409.481 0.21647
409.557 0.21674
409.633 0.21702
409.709 0.21729
409.785 0.21756
409.860 0.21783
409.936 0.21810
410.012 0.21838
410.088 0.21865
410.164 0.21892
410.240 0.21919
410.316 0.21946
410.392 0.21973
410.468 0.22001
410.544 0.22028
410.620 0.22055
410.696 0.22082
410.771 0.22109
410.847 0.22137
410.923 0.22164
410.999 0.22191
411.075 0.22218
411.151 0.22245
411.227 0.22272
411.303 0.22300
411.379 0.22327
411.455 0.22354
411.531 0.22381
411.606 0.22408
411.682 0.22436
411.758 0.22463
411.834 0.22490
411.910 0.22517
411.986 0.22544
412.062 0.22571
412.138 0.22599
412.214 0.22626
412.290 0.22653
412.366 0.22680
412.442 0.22707
412.517 0.22735
412.593 0.22762
412.669 0.22789
412.745 0.22816
412.821 0.22843
412.897 0.22870
412.973 0.22898
413.049 0.22925
413.125 0.22952
413.201 0.22979
413.277 0.23006
413.353 0.23033
413.428 0.23061
413.504 0.23088
413.580 0.23115
413.656 0.23142
413.732 0.23169
413.808 0.23197
413.884 0.23391
413.960 0.23532
414.036 0.23553
414.112 0.23582
414.188 0.23611
414.264 0.23639
414.339 0.23449
414.415 0.23290
414.491 0.23225
414.567 0.23294
414.643 0.23364
414.719 0.23433
414.795 0.23341
414.871 0.23200
414.947 0.23080
415.023 0.23421
415.099 0.23762
415.175 0.24104
415.250 0.24008
415.326 0.24054
415.402 0.24107
415.478 0.23753
415.554 0.23398
415.630 0.23566
415.706 0.23540
415.782 0.23514
415.858 0.23164
415.934 0.23605
416.010 0.24046
416.085 0.22873
416.161 0.23173
416.237 0.23369
416.313 0.23050
416.389 0.23207
416.465 0.23300
416.541 0.23451
416.617 0.23067
416.693 0.23070
416.769 0.23241
416.845 0.23307
416.921 0.23373
416.996 0.23439
417.072 0.23558
417.148 0.23261
417.224 0.23306
417.300 0.23319
417.376 0.23332
417.452 0.23346
417.528 0.23359
417.604 0.23486
417.680 0.23613
417.756 0.23483
417.832 0.23695
417.907 0.23158
417.983 0.24119
418.059 0.24692
418.135 0.24564
418.211 0.24276
418.287 0.23515
418.363 0.23651
418.439 0.23710
418.515 0.23953
418.591 0.24268
418.667 0.24038
418.743 0.23560
418.818 0.23647
418.894 0.23735
418.970 0.23822
419.046 0.23871
419.122 0.23931
419.198 0.23996
419.274 0.23797
419.350 0.23721
419.426 0.25020
419.502 0.24553
419.578 0.24661
419.654 0.24821
419.729 0.24821
419.805 0.24822
419.881 0.24362
419.957 0.23902
420.033 0.23887
420.109 0.24251
420.185 0.23898
420.261 0.23702
420.337 0.23768
420.413 0.23569
420.489 0.23614
420.565 0.23743
420.640 0.24052
420.716 0.23784
420.792 0.24342
420.868 0.24047
420.944 0.23751
421.020 0.23017
421.096 0.22885
421.172 0.22672
421.248 0.22493
421.324 0.22877
421.400 0.23260
421.475 0.23643
421.551 0.23716
421.627 0.23788
421.703 0.23847
421.779 0.23942
421.855 0.23871
421.931 0.23647
422.007 0.22454
422.083 0.22481
422.159 0.22710
422.235 0.22213
422.311 0.23565
422.386 0.23475
422.462 0.23727
422.538 0.23943
422.614 0.23904
422.690 0.23936
422.766 0.24026
422.842 0.23639
422.918 0.23650
422.994 0.23662
423.070 0.23673
423.146 0.23838
423.222 0.24003
423.297 0.24168
423.373 0.24235
423.449 0.24191
423.525 0.23832
423.601 0.23838
423.677 0.23874
423.753 0.23910
423.829 0.23946
423.905 0.23879
423.981 0.23735
424.057 0.23591
424.133 0.23296
424.208 0.23001
424.284 0.22706
424.360 0.22604
424.436 0.23544
424.512 0.24484
424.588 0.24264
424.664 0.24044
424.740 0.23824
424.816 0.23659
424.892 0.23538
424.968 0.23317
425.044 0.23686
425.119 0.23680
425.195 0.23393
425.271 0.23393
425.347 0.23271
425.423 0.23180
425.499 0.23357
425.575 0.23361
425.651 0.22463
425.727 0.22794
425.803 0.22861
425.879 0.22722
425.954 0.22717
426.030 0.23305
426.106 0.23893
426.182 0.23540
426.258 0.23602
426.334 0.23663
426.410 0.23752
426.486 0.23052
426.562 0.23027
426.638 0.23781
426.714 0.23631
426.790 0.23583
426.866 0.23597
426.941 0.23610
427.017 0.23624
427.093 0.23638
427.169 0.23455
427.245 0.23144
427.321 0.23172
427.397 0.23517
427.473 0.23180
427.549 0.23139
427.625 0.23405
427.701 0.23196
427.776 0.23313
427.852 0.23297
427.928 0.23169
428.004 0.23366
428.080 0.23105
428.156 0.23237
428.232 0.23281
428.308 0.23282
428.384 0.23263
428.460 0.23419
428.536 0.23227
428.612 0.22614
428.688 0.23153
428.763 0.22974
428.839 0.22786
428.915 0.22598
428.991 0.22752
429.067 0.22723
429.143 0.22797
429.219 0.22549
429.295 0.22486
429.371 0.22503
429.447 0.23411
429.523 0.23227
429.598 0.23100
429.674 0.23112
429.750 0.22994
429.826 0.23273
429.902 0.23444
429.978 0.23268
430.054 0.23251
430.130 0.23234
430.206 0.23217
430.282 0.23200
430.358 0.23183
430.434 0.23166
430.509 0.23149
430.585 0.23132
430.661 0.23115
430.737 0.23098
430.813 0.23081
430.889 0.23064
430.965 0.23047
431.041 0.23030
431.117 0.23013
431.193 0.22996
431.269 0.22979
431.345 0.22963
431.420 0.22946
431.496 0.22929
431.572 0.22912
431.648 0.22895
431.724 0.22878
431.800 0.22861
431.876 0.22844
431.952 0.22827
432.028 0.22810
432.104 0.22793
432.180 0.22776
432.256 0.22759
432.331 0.22742
432.407 0.22725
432.483 0.22708
432.559 0.22691
432.635 0.22674
432.711 0.22657
432.787 0.22640
432.863 0.22623
432.939 0.22607
433.015 0.22590
433.091 0.22573
433.167 0.22556
433.242 0.22539
433.318 0.22522
433.394 0.22505
433.470 0.22488
433.546 0.22471
433.622 0.22454
433.698 0.22437
433.774 0.22420
433.850 0.22403
433.926 0.22386
434.002 0.22369
434.077 0.22352
434.153 0.22335
434.229 0.22318
434.305 0.22301
434.381 0.22284
434.457 0.22268
434.533 0.22251
434.609 0.22234
434.685 0.22217
434.761 0.22200
434.837 0.22183
434.913 0.22166
434.988 0.22149
435.064 0.22132
435.140 0.22115
435.216 0.22098
435.292 0.22081
435.368 0.22064
435.444 0.22047
435.520 0.22030
435.596 0.22013
435.672 0.21996
435.748 0.21979
435.824 0.21962
435.899 0.21945
435.975 0.21928
436.051 0.21912
436.127 0.21895
436.203 0.21878
436.279 0.21861
436.355 0.21844
436.431 0.21827
436.507 0.21810
436.583 0.21793
436.659 0.21776
436.735 0.21759
436.810 0.21742
436.886 0.21725
436.962 0.21708
437.038 0.21691
437.114 0.21674
437.190 0.21657
437.266 0.21640
437.342 0.21623
437.418 0.21606
437.494 0.21589
437.570 0.21572
437.646 0.21556
437.721 0.21539
437.797 0.21522
437.873 0.21505
437.949 0.21488
438.025 0.21471
438.101 0.21454
438.177 0.21286
438.253 0.21874
438.329 0.22014
438.405 0.21338
438.481 0.21090
438.556 0.21085
438.632 0.21539
438.708 0.21374
438.784 0.21423
438.860 0.21534
438.936 0.21652
439.012 0.21770
439.088 0.21888
439.164 0.22006
439.240 0.22124
439.316 0.22308
439.392 0.21575
439.467 0.21770
439.543 0.21839
439.619 0.21505
439.695 0.21371
439.771 0.21751
439.847 0.21794
439.923 0.21773
439.999 0.21198
440.075 0.21062
440.151 0.21253
440.227 0.21319
440.303 0.21113
440.378 0.21714
440.454 0.22314
440.530 0.21738
440.606 0.21897
440.682 0.21417
440.758 0.21487
440.834 0.20874
440.910 0.21168
440.986 0.21996
441.062 0.21889
441.138 0.21162
441.214 0.21630
441.289 0.21344
441.365 0.21202
441.441 0.21330
441.517 0.21259
441.593 0.21386
441.669 0.21230
441.745 0.21447
441.821 0.21417
441.897 0.21458
441.973 0.21453
442.049 0.20095
442.125 0.20479
442.200 0.20340
442.276 0.20495
442.352 0.20572
442.428 0.21238
442.504 0.21309
442.580 0.21018
442.656 0.20846
442.732 0.20896
442.808 0.20875
442.884 0.21056
442.960 0.21197
443.035 0.21606
443.111 0.21677
443.187 0.21380
443.263 0.20991
443.339 0.21119
443.415 0.21112
443.491 0.21105
443.567 0.21099
443.643 0.21473
443.719 0.21655
443.795 0.21712
443.871 0.21749
443.946 0.21787
444.022 0.21825
444.098 0.21855
444.174 0.21772
444.250 0.21594
444.326 0.21615
444.402 0.21092
444.478 0.21224
444.554 0.21161
444.630 0.21098
444.706 0.21035
444.782 0.21336
444.857 0.21093
444.933 0.21085
445.009 0.21309
445.085 0.21078
445.161 0.21130
445.237 0.21067
445.313 0.21086
445.389 0.21439
445.465 0.21116
445.541 0.20999
445.617 0.20981
445.693 0.20963
445.768 0.20944
445.844 0.20926
445.920 0.20908
445.996 0.20890
446.072 0.20872
446.148 0.20853
446.224 0.20835
446.300 0.20817
446.376 0.20799
446.452 0.20781
446.528 0.20763
446.604 0.20744
446.679 0.20726
446.755 0.20708
446.831 0.20690
446.907 0.20672
446.983 0.20654
447.059 0.20635
447.135 0.20617
447.211 0.20599
447.287 0.20581
447.363 0.20563
447.439 0.20545
447.515 0.20526
447.590 0.20508
447.666 0.20490
447.742 0.20472
447.818 0.20454
447.894 0.20436
447.970 0.20417
448.046 0.20399
448.122 0.20381
448.198 0.20363
448.274 0.20345
448.350 0.20327
448.425 0.20308
448.501 0.20290
448.577 0.20272
448.653 0.20254
448.729 0.20236
448.805 0.20141
448.881 0.20045
448.957 0.19950
449.033 0.20068
449.109 0.20190
449.185 0.19875
449.261 0.19561
449.337 0.19246
449.412 0.19162
449.488 0.20210
449.564 0.20217
449.640 0.20223
449.716 0.20229
449.792 0.20235
449.868 0.20241
449.944 0.20248
450.020 0.20254
450.096 0.19996
450.172 0.20415
450.247 0.20770
450.323 0.21127
450.399 0.21103
450.475 0.21676
450.551 0.20996
450.627 0.20316
450.703 0.19636
450.779 0.19690
450.855 0.19743
450.931 0.19797
451.007 0.19850
451.083 0.19904
451.158 0.19957
451.234 0.20106
451.310 0.19836
451.386 0.19978
451.462 0.20042
451.538 0.19859
451.614 0.20048
451.690 0.20019
451.766 0.19989
451.842 0.19959
451.918 0.19777
451.994 0.20011
452.069 0.19962
452.145 0.19832
452.221 0.20491
452.297 0.20518
452.373 0.19657
452.449 0.19133
452.525 0.19193
452.601 0.19252
452.677 0.19719
452.753 0.19598
452.829 0.19554
452.905 0.19510
452.980 0.19465
453.056 0.18262
453.132 0.18846
453.208 0.18595
453.284 0.18112
453.360 0.19152
453.436 0.19263
453.512 0.18980
453.588 0.18697
453.664 0.19106
453.740 0.19149
453.816 0.19036
453.891 0.18365
453.967 0.18921
454.043 0.19023
454.119 0.18499
454.195 0.18455
454.271 0.18508
454.347 0.18383
454.423 0.18120
454.499 0.18139
454.575 0.18014
454.651 0.17791
454.727 0.17479
454.802 0.17440
454.878 0.17488
454.954 0.17221
455.030 0.16867
455.106 0.16556
455.182 0.16261
455.258 0.16137
455.334 0.16226
455.410 0.15716
455.486 0.15546
455.562 0.15503
455.637 0.15148
455.713 0.14599
455.789 0.14711
455.865 0.14254
455.941 0.14194
456.017 0.13948
456.093 0.13943
456.169 0.13760
456.245 0.13595
456.321 0.13160
456.397 0.12978
456.473 0.12898
456.548 0.12651
456.624 0.12873
456.700 0.12504
456.776 0.12648
456.852 0.12630
456.928 0.12401
457.004 0.12175
457.080 0.12388
457.156 0.12426
457.232 0.12492
457.308 0.12580
457.384 0.12499
457.459 0.12337
457.535 0.11797
457.611 0.11885
457.687 0.12258
457.763 0.12153
457.839 0.11943
457.915 0.13027
457.991 0.13021
458.067 0.12395
458.143 0.12452
458.219 0.12678
458.295 0.11945
458.370 0.12198
458.446 0.12587
458.522 0.12976
458.598 0.12433
458.674 0.12368
458.750 0.12335
458.826 0.12310
458.902 0.12551
458.978 0.12288
459.054 0.12542
459.130 0.12550
459.206 0.12497
459.281 0.12270
459.357 0.12464
459.433 0.12391
459.509 0.12499
459.585 0.12603
459.661 0.12623
459.737 0.12300
459.813 0.12358
459.889 0.12194
459.965 0.11816
460.041 0.11667
460.117 0.12307
460.192 0.12447
460.268 0.12456
460.344 0.12213
460.420 0.11964
460.496 0.12134
460.572 0.11623
460.648 0.11855
460.724 0.12037
460.800 0.11582
460.876 0.12173
460.952 0.11638
461.027 0.11913
461.103 0.11803
461.179 0.11956
461.255 0.11650
461.331 0.11816
461.407 0.12054
461.483 0.12139
461.559 0.11806
461.635 0.11623
461.711 0.11737
461.787 0.10922
461.863 0.11065
461.938 0.10665
462.014 0.10690
462.090 0.11026
462.166 0.11781
462.242 0.11974
462.318 0.11943
462.394 0.11685
462.470 0.11478
462.546 0.11398
462.622 0.11278
462.698 0.11149
462.774 0.11399
462.849 0.11170
462.925 0.10825
463.001 0.11166
463.077 0.11011
463.153 0.10988
463.229 0.11047
463.305 0.10988
463.381 0.10973
463.457 0.11285
463.533 0.11116
463.609 0.11095
463.685 0.10935
463.760 0.11258
463.836 0.10846
463.912 0.10976
463.988 0.10920
464.064 0.10795
464.140 0.10575
464.216 0.10570
464.292 0.10687
464.368 0.10615
464.444 0.10184
464.520 0.10051
464.596 0.10322
464.671 0.10151
464.747 0.10121
464.823 0.09761
464.899 0.09790
464.975 0.09425
465.051 0.09113
465.127 0.08784
465.203 0.08623
465.279 0.08585
465.355 0.08325
465.431 0.08019
465.506 0.07960
465.582 0.07739
465.658 0.07459
465.734 0.06967
465.810 0.06623
465.886 0.06386
465.962 0.06118
466.038 0.05562
466.114 0.05246
466.190 0.05221
466.266 0.04734
466.342 0.04345
466.417 0.04283
466.493 0.04220
466.569 0.04158
466.645 0.04095
466.721 0.04033
466.797 0.03970
466.873 0.03908
466.949 0.03845
467.025 0.03783
467.101 0.03720
467.177 0.03658
467.253 0.03595
467.328 0.03533
467.404 0.03470
467.480 0.03408
467.556 0.03345
467.632 0.03283
467.708 0.03220
467.784 0.03158
467.860 0.03095
467.936 0.03033
468.012 0.02970
468.088 0.02908
468.164 0.02845
468.239 0.02783
468.315 0.02720
468.391 0.02658
468.467 0.02595
468.543 0.02533
468.619 0.02470
468.695 0.02408
468.771 0.02345
468.847 0.02283
468.923 0.02220
468.999 0.02158
469.075 0.02095
469.150 0.02033
469.226 0.01970
469.302 0.01908
469.378 0.01845
469.454 0.01783
469.530 0.01720
469.606 0.01658
469.682 0.01595
469.758 0.01533
469.834 0.01470
469.910 0.01408
469.986 0.01345
470.061 0.01283
470.137 0.01220
470.213 0.01158
470.289 0.01095
470.365 0.01033
470.441 0.00970
470.517 0.00907
470.593 0.00845
470.669 0.00881
470.745 0.01075
470.821 0.01086
470.896 0.00696
470.972 0.00964
471.048 0.01267
471.124 0.01158
471.200 0.01599
471.276 0.01171
471.352 0.01283
471.428 0.01101
471.504 0.01574
471.580 0.01201
471.656 0.01152
471.732 0.01104
471.808 0.01730
471.883 0.01902
471.959 0.01599
472.035 0.01218
472.111 0.01864
472.187 0.01606
