462.698 0.03087
462.819 0.03146
462.939 0.03035
463.060 0.03130
463.180 0.03455
463.301 0.03536
463.421 0.03626
463.541 0.03735
463.662 0.03767
463.782 0.06079
463.903 0.06352
464.023 0.06645
464.144 0.06702
464.264 0.07773
464.385 0.08383
464.505 0.09092
464.626 0.09022
464.746 0.09383
464.867 0.09511
464.987 0.09690
465.107 0.09868
465.228 0.10217
465.348 0.10385
465.469 0.10526
465.589 0.10859
465.710 0.11373
465.830 0.11567
465.951 0.11874
466.071 0.12141
466.192 0.12747
466.312 0.13285
466.432 0.13544
466.553 0.13660
466.673 0.13775
466.794 0.13891
466.914 0.14006
467.035 0.14121
467.155 0.14237
467.276 0.14352
467.396 0.14468
467.517 0.14583
467.637 0.14698
467.758 0.14814
467.878 0.14929
467.998 0.15045
468.119 0.15160
468.239 0.15275
468.360 0.15391
468.480 0.15506
468.601 0.15622
468.721 0.15737
468.842 0.15852
468.962 0.15968
469.083 0.16083
469.203 0.16198
469.323 0.16314
469.444 0.16429
469.564 0.16545
469.685 0.16660
469.805 0.16775
469.926 0.16891
470.046 0.17006
470.167 0.17122
470.287 0.17237
470.408 0.17352
470.528 0.17468
470.649 0.17583
470.769 0.17649
470.889 0.17475
471.010 0.17541
471.130 0.17700
471.251 0.18469
471.371 0.18513
471.492 0.17842
471.612 0.17758
471.733 0.18046
471.853 0.18230
471.974 0.18281
472.094 0.18300
472.215 0.18308
472.335 0.18398
472.455 0.18364
472.576 0.18563
472.696 0.18771
472.817 0.18554
472.937 0.18540
473.058 0.18584
473.178 0.18603
473.299 0.18650
473.419 0.18580
473.540 0.18438
473.660 0.18768
473.780 0.19141
473.901 0.18503
474.021 0.18513
474.142 0.18696
474.262 0.18685
474.383 0.18797
474.503 0.18973
474.624 0.19290
474.744 0.19412
474.865 0.19254
474.985 0.19324
475.106 0.19377
475.226 0.19412
475.346 0.19717
475.467 0.20026
475.587 0.20036
475.708 0.19871
475.828 0.19615
475.949 0.19625
476.069 0.20233
476.190 0.19768
476.310 0.19927
476.431 0.19952
476.551 0.19920
476.671 0.19811
476.792 0.19796
476.912 0.19853
477.033 0.19861
477.153 0.19897
477.274 0.20077
477.394 0.20061
477.515 0.20067
477.635 0.20144
477.756 0.20162
477.876 0.19883
477.997 0.20113
478.117 0.20172
478.237 0.20192
478.358 0.20313
478.478 0.20422
478.599 0.20279
478.719 0.20488
478.840 0.20508
478.960 0.20493
479.081 0.20634
479.201 0.20689
479.322 0.20905
479.442 0.20642
479.562 0.20866
479.683 0.21099
479.803 0.20868
479.924 0.20741
480.044 0.20796
480.165 0.20833
480.285 0.20868
480.406 0.21005
480.526 0.20965
480.647 0.20650
480.767 0.20710
480.888 0.21105
481.008 0.20984
481.128 0.20919
481.249 0.21068
481.369 0.20873
481.490 0.20972
481.610 0.21006
481.731 0.21041
481.851 0.21075
481.972 0.21110
482.092 0.21144
482.213 0.21179
482.333 0.21214
482.454 0.21248
482.574 0.21283
482.694 0.21317
482.815 0.21352
482.935 0.21386
483.056 0.21421
483.176 0.21456
483.297 0.21490
483.417 0.21525
483.538 0.21559
483.658 0.21594
483.779 0.21628
483.899 0.21663
484.019 0.21697
484.140 0.21732
484.260 0.21767
484.381 0.21801
484.501 0.21836
484.622 0.21870
484.742 0.21905
484.863 0.21939
484.983 0.21974
485.104 0.22009
485.224 0.22043
485.345 0.22078
485.465 0.22112
485.585 0.22147
485.706 0.22181
485.826 0.22216
485.947 0.22251
486.067 0.22285
486.188 0.22320
486.308 0.22354
486.429 0.22389
486.549 0.22423
486.670 0.22458
486.790 0.22493
486.910 0.22527
487.031 0.22562
487.151 0.22596
487.272 0.22631
487.392 0.22665
487.513 0.22700
487.633 0.22735
487.754 0.22769
487.874 0.22804
487.995 0.22838
488.115 0.22873
488.236 0.22907
488.356 0.22942
488.476 0.22976
488.597 0.23011
488.717 0.23046
488.838 0.23080
488.958 0.23115
489.079 0.23149
489.199 0.23184
489.320 0.23218
489.440 0.23253
489.561 0.23288
489.681 0.23322
489.802 0.23357
489.922 0.23391
490.042 0.23426
490.163 0.23460
490.283 0.23495
490.404 0.23530
490.524 0.23564
490.645 0.23599
490.765 0.22113
490.886 0.22013
491.006 0.22115
491.127 0.22263
491.247 0.22359
491.367 0.22185
491.488 0.21993
491.608 0.21750
491.729 0.21730
491.849 0.21745
491.970 0.22007
492.090 0.22386
492.211 0.21853
492.331 0.21978
492.452 0.21681
492.572 0.21885
492.693 0.21752
492.813 0.21604
492.933 0.22122
493.054 0.22096
493.174 0.22266
493.295 0.22233
493.415 0.22316
493.536 0.22482
493.656 0.22595
493.777 0.22740
493.897 0.22752
494.018 0.22319
494.138 0.22192
494.258 0.22797
494.379 0.22628
494.499 0.22662
494.620 0.22591
494.740 0.22783
494.861 0.22623
494.981 0.22621
495.102 0.22704
495.222 0.22368
495.343 0.22128
495.463 0.22610
495.584 0.22562
495.704 0.22674
495.824 0.22731
495.945 0.22594
496.065 0.22678
496.186 0.22612
496.306 0.22760
496.427 0.22861
496.547 0.22737
496.668 0.22743
496.788 0.22625
496.909 0.23700
497.029 0.23455
497.150 0.23638
497.270 0.23243
497.390 0.22861
497.511 0.23212
497.631 0.23040
497.752 0.22886
497.872 0.23088
497.993 0.22966
498.113 0.22808
498.234 0.22952
498.354 0.22754
498.475 0.23005
498.595 0.23265
498.715 0.22856
498.836 0.22909
498.956 0.23235
499.077 0.22993
499.197 0.23139
499.318 0.23044
499.438 0.22748
499.559 0.22940
499.679 0.23166
499.800 0.23115
499.920 0.23189
500.041 0.23283
500.161 0.23147
500.281 0.23176
500.402 0.23455
500.522 0.23393
500.643 0.23652
500.763 0.23728
500.884 0.23286
501.004 0.23575
501.125 0.23826
501.245 0.23545
501.366 0.23867
501.486 0.24291
501.606 0.24221
501.727 0.23519
501.847 0.23860
501.968 0.23694
502.088 0.23645
502.209 0.23887
502.329 0.23778
502.450 0.24026
502.570 0.24003
502.691 0.24011
502.811 0.24136
502.932 0.24064
503.052 0.23753
503.172 0.23683
503.293 0.24230
503.413 0.24395
503.534 0.23953
503.654 0.23618
503.775 0.23344
503.895 0.23465
504.016 0.23501
504.136 0.23751
504.257 0.23557
504.377 0.23572
504.498 0.23991
504.618 0.23781
504.738 0.23497
504.859 0.23506
504.979 0.23661
505.100 0.23780
505.220 0.24188
505.341 0.24777
505.461 0.24860
505.582 0.25157
505.702 0.24657
505.823 0.24756
505.943 0.24438
506.063 0.24356
506.184 0.24530
506.304 0.24733
506.425 0.24913
506.545 0.24227
506.666 0.24276
506.786 0.24287
506.907 0.24179
507.027 0.24332
507.148 0.24629
507.268 0.24489
507.389 0.24670
507.509 0.24704
507.629 0.24302
507.750 0.24822
507.870 0.24819
507.991 0.24957
508.111 0.24719
508.232 0.24752
508.352 0.24805
508.473 0.24793
508.593 0.25072
508.714 0.25061
508.834 0.24873
508.954 0.24976
509.075 0.24843
509.195 0.24827
509.316 0.24793
509.436 0.24622
509.557 0.24643
509.677 0.24876
509.798 0.25100
509.918 0.24631
510.039 0.24896
510.159 0.24776
510.280 0.24853
510.400 0.25058
510.520 0.25214
510.641 0.24997
510.761 0.25364
510.882 0.25337
511.002 0.25289
511.123 0.25336
511.243 0.25421
511.364 0.25463
511.484 0.25225
511.605 0.25327
511.725 0.25423
511.846 0.25254
511.966 0.25187
512.086 0.25034
512.207 0.25292
512.327 0.25394
512.448 0.25144
512.568 0.24897
512.689 0.24577
512.809 0.24499
512.930 0.24596
513.050 0.24393
513.171 0.24697
513.291 0.24896
513.411 0.24476
513.532 0.24407
513.652 0.24559
513.773 0.24662
513.893 0.24550
514.014 0.25005
514.134 0.25138
514.255 0.24869
514.375 0.24997
514.496 0.24971
514.616 0.24811
514.737 0.25050
514.857 0.24780
514.977 0.24880
515.098 0.25257
515.218 0.25275
515.339 0.24986
515.459 0.25087
515.580 0.25299
515.700 0.25226
515.821 0.25324
515.941 0.25461
516.062 0.26081
516.182 0.26408
516.302 0.25991
516.423 0.25574
516.543 0.25645
516.664 0.25802
516.784 0.25310
516.905 0.25378
517.025 0.25561
517.146 0.25523
517.266 0.25891
517.387 0.25652
517.507 0.25393
517.628 0.25546
517.748 0.25582
517.868 0.25563
517.989 0.25707
518.109 0.25572
518.230 0.25772
518.350 0.25886
518.471 0.25846
518.591 0.25572
518.712 0.25576
518.832 0.25780
518.953 0.25844
519.073 0.26072
519.194 0.25929
519.314 0.25573
519.434 0.25811
519.555 0.26095
519.675 0.25973
519.796 0.26069
519.916 0.26323
520.037 0.26238
520.157 0.26425
520.278 0.26483
520.398 0.26449
520.519 0.26318
520.639 0.26280
520.759 0.26459
520.880 0.26184
521.000 0.26021
521.121 0.26177
521.241 0.25970
521.362 0.26221
521.482 0.26696
521.603 0.26113
521.723 0.26098
521.844 0.26454
521.964 0.25967
522.085 0.26207
522.205 0.26285
522.325 0.26316
522.446 0.26482
522.566 0.26633
522.687 0.26702
522.807 0.26806
522.928 0.26776
523.048 0.27145
523.169 0.27094
523.289 0.26866
523.410 0.27039
523.530 0.27101
523.650 0.27001
523.771 0.27250
523.891 0.26950
524.012 0.26771
524.132 0.27192
524.253 0.26822
524.373 0.26986
524.494 0.26972
524.614 0.26713
524.735 0.27106
524.855 0.27156
524.976 0.26369
525.096 0.26750
525.216 0.27288
525.337 0.26892
525.457 0.26974
525.578 0.26733
525.698 0.26897
525.819 0.27284
525.939 0.27452
526.060 0.27235
526.180 0.27424
526.301 0.27503
526.421 0.27753
526.542 0.27440
526.662 0.27606
526.782 0.27420
526.903 0.27701
527.023 0.27451
527.144 0.26831
527.264 0.26926
527.385 0.27103
527.505 0.26915
527.626 0.27090
527.746 0.27055
527.867 0.27018
527.987 0.27001
528.107 0.26833
528.228 0.27121
528.348 0.27151
528.469 0.27136
528.589 0.27745
528.710 0.27700
528.830 0.27426
528.951 0.27293
529.071 0.27217
529.192 0.27313
529.312 0.27473
529.433 0.27118
529.553 0.27660
529.673 0.28250
529.794 0.27866
529.914 0.27774
530.035 0.27256
530.155 0.27156
530.276 0.27250
530.396 0.27366
530.517 0.27420
530.637 0.27145
530.758 0.27085
530.878 0.27784
530.998 0.27042
531.119 0.27294
531.239 0.27165
531.360 0.27935
531.480 0.28251
531.601 0.27511
531.721 0.27853
531.842 0.27587
531.962 0.27572
532.083 0.27639
532.203 0.27861
532.324 0.27871
532.444 0.27839
532.564 0.27645
532.685 0.29377
532.805 0.29545
532.926 0.28961
533.046 0.29151
533.167 0.29235
533.287 0.28040
533.408 0.27980
533.528 0.28560
533.649 0.28364
533.769 0.29724
533.890 0.29251
534.010 0.29372
534.130 0.29494
534.251 0.28452
534.371 0.28786
534.492 0.27831
534.612 0.28177
534.733 0.28638
534.853 0.28954
534.974 0.28797
535.094 0.28797
535.215 0.29560
535.335 0.29295
535.455 0.28922
535.576 0.29119
535.696 0.28690
535.817 0.28495
535.937 0.27789
536.058 0.28456
536.178 0.28404
536.299 0.27614
536.419 0.27555
536.540 0.27593
536.660 0.28045
536.781 0.27999
536.901 0.28189
537.021 0.28446
537.142 0.28507
537.262 0.28539
537.383 0.28571
537.503 0.28603
537.624 0.28635
537.744 0.28667
537.865 0.28726
537.985 0.28978
538.106 0.29231
538.226 0.28266
538.346 0.28082
538.467 0.27925
538.587 0.27988
538.708 0.28390
538.828 0.28324
538.949 0.27764
539.069 0.27872
539.190 0.27519
539.310 0.27458
539.431 0.27589
539.551 0.28352
539.672 0.28027
539.792 0.27966
539.912 0.28817
540.033 0.28213
540.153 0.27657
540.274 0.27999
540.394 0.27798
540.515 0.27674
540.635 0.27669
540.756 0.27565
540.876 0.28153
540.997 0.28414
541.117 0.28300
541.237 0.27752
541.358 0.28012
541.478 0.27831
541.599 0.27553
541.719 0.27164
541.840 0.27223
541.960 0.27227
542.081 0.27382
542.201 0.27288
542.322 0.27301
542.442 0.27596
542.563 0.27865
542.683 0.27890
542.803 0.27598
542.924 0.27637
543.044 0.27569
543.165 0.27600
543.285 0.28123
543.406 0.28351
543.526 0.28441
543.647 0.28374
543.767 0.28340
543.888 0.28385
544.008 0.28398
544.129 0.28497
544.249 0.28781
544.369 0.28334
544.490 0.27883
544.610 0.27789
544.731 0.27619
544.851 0.27985
544.972 0.28801
545.092 0.28653
545.213 0.29273
545.333 0.29005
545.454 0.28737
545.574 0.29001
545.694 0.29493
545.815 0.28886
545.935 0.28339
546.056 0.28517
546.176 0.28197
546.297 0.28553
546.417 0.28696
546.538 0.28685
546.658 0.28224
546.779 0.27954
546.899 0.28275
547.020 0.29032
547.140 0.28681
547.260 0.29064
547.381 0.28519
547.501 0.28821
547.622 0.28229
547.742 0.28399
547.863 0.28730
547.983 0.29115
548.104 0.29499
548.224 0.29122
548.345 0.28763
548.465 0.28884
548.585 0.29016
548.706 0.29336
548.826 0.29785
548.947 0.30045
549.067 0.29842
549.188 0.29281
549.308 0.28596
549.429 0.28533
549.549 0.28629
549.670 0.28986
549.790 0.28246
549.911 0.28726
550.031 0.28513
550.151 0.28300
550.272 0.28276
550.392 0.27910
550.513 0.27405
550.633 0.28111
550.754 0.28242
550.874 0.28442
550.995 0.28310
551.115 0.28772
551.236 0.28651
551.356 0.28465
551.477 0.28346
551.597 0.28498
551.717 0.28876
551.838 0.28518
551.958 0.28824
552.079 0.28683
552.199 0.28509
552.320 0.28657
552.440 0.28709
552.561 0.28575
552.681 0.28788
552.802 0.28150
552.922 0.28181
553.042 0.28488
553.163 0.28230
553.283 0.28377
553.404 0.28476
553.524 0.28744
553.645 0.28672
553.765 0.28326
553.886 0.28596
554.006 0.28896
554.127 0.28627
554.247 0.29158
554.368 0.29155
554.488 0.29054
554.608 0.28907
554.729 0.28842
554.849 0.29101
554.970 0.29198
555.090 0.29033
555.211 0.29120
555.331 0.29282
555.452 0.29434
555.572 0.29466
555.693 0.28981
555.813 0.28958
555.933 0.29139
556.054 0.29289
556.174 0.28927
556.295 0.29089
556.415 0.29381
556.536 0.29263
556.656 0.28928
556.777 0.28386
556.897 0.28342
557.018 0.28526
557.138 0.29006
557.259 0.28407
557.379 0.28448
557.499 0.27785
557.620 0.28517
557.740 0.27852
557.861 0.28224
557.981 0.27797
558.102 0.28186
558.222 0.28736
558.343 0.29028
558.463 0.28826
558.584 0.29557
558.704 0.29057
558.825 0.28841
558.945 0.29275
559.065 0.29488
559.186 0.29290
559.306 0.29703
559.427 0.29897
559.547 0.29011
559.668 0.29327
559.788 0.29169
559.909 0.30099
560.029 0.29872
560.150 0.29567
560.270 0.29422
560.390 0.29349
560.511 0.29536
560.631 0.29363
560.752 0.29739
560.872 0.29023
560.993 0.29273
561.113 0.29085
561.234 0.29479
561.354 0.29127
561.475 0.29048
561.595 0.28888
561.716 0.28774
561.836 0.29795
561.956 0.29330
562.077 0.29405
562.197 0.29661
562.318 0.28891
562.438 0.29215
562.559 0.28972
562.679 0.28792
562.800 0.28477
562.920 0.28830
563.041 0.28970
563.161 0.28952
563.281 0.28790
563.402 0.28509
563.522 0.28566
563.643 0.28703
563.763 0.29198
563.884 0.28970
564.004 0.28474
564.125 0.27949
564.245 0.28388
564.366 0.28287
564.486 0.28475
564.607 0.28630
564.727 0.28743
564.847 0.29388
564.968 0.28624
565.088 0.29576
565.209 0.30104
565.329 0.29301
565.450 0.29789
565.570 0.29428
565.691 0.28919
565.811 0.28787
565.932 0.28707
566.052 0.28615
566.173 0.28429
566.293 0.28852
566.413 0.28933
566.534 0.28975
566.654 0.28749
566.775 0.28764
566.895 0.28001
567.016 0.27852
567.136 0.28088
567.257 0.28169
567.377 0.28428
567.498 0.28032
567.618 0.28249
567.738 0.28227
567.859 0.28420
567.979 0.29793
568.100 0.29901
568.220 0.29973
568.341 0.29788
568.461 0.29757
568.582 0.29873
568.702 0.29989
568.823 0.30104
568.943 0.29943
569.064 0.29580
569.184 0.30583
569.304 0.30044
569.425 0.30132
569.545 0.29370
569.666 0.28609
569.786 0.28696
569.907 0.28783
570.027 0.28721
570.148 0.28761
570.268 0.28634
570.389 0.28940
570.509 0.28837
570.629 0.28776
570.750 0.28680
570.870 0.28892
570.991 0.28945
571.111 0.28403
571.232 0.28724
571.352 0.28744
571.473 0.28352
571.593 0.28712
571.714 0.28542
571.834 0.28364
571.955 0.28336
572.075 0.28635
572.195 0.28809
572.316 0.28902
572.436 0.28739
572.557 0.29095
572.677 0.29048
572.798 0.28826
572.918 0.29306
573.039 0.29787
573.159 0.29325
573.280 0.28959
573.400 0.28790
573.521 0.27608
573.641 0.27679
573.761 0.27113
573.882 0.27614
574.002 0.27408
574.123 0.27580
574.243 0.28667
574.364 0.28679
574.484 0.28719
574.605 0.28752
574.725 0.28303
574.846 0.28474
574.966 0.27713
575.086 0.27196
575.207 0.27327
575.327 0.27622
575.448 0.27242
575.568 0.27333
575.689 0.27017
575.809 0.26984
575.930 0.27391
576.050 0.27725
576.171 0.28059
576.291 0.28080
576.412 0.28065
576.532 0.28051
576.652 0.27537
576.773 0.27439
576.893 0.27352
577.014 0.27612
577.134 0.27387
577.255 0.27657
577.375 0.27629
577.496 0.27173
577.616 0.26814
577.737 0.26635
577.857 0.27144
577.977 0.27419
578.098 0.27117
578.218 0.27047
578.339 0.26977
578.459 0.26907
578.580 0.27110
578.700 0.27618
578.821 0.27858
578.941 0.27949
579.062 0.28040
579.182 0.28131
579.303 0.27752
579.423 0.27821
579.543 0.27610
579.664 0.27609
579.784 0.27702
579.905 0.27387
580.025 0.27712
580.146 0.28779
580.266 0.28455
580.387 0.29102
580.507 0.28473
580.628 0.28961
580.748 0.28486
580.869 0.28235
580.989 0.29158
581.109 0.28842
581.230 0.29156
581.350 0.29205
581.471 0.29241
581.591 0.28885
581.712 0.28528
581.832 0.28543
581.953 0.28990
582.073 0.28258
582.194 0.27657
582.314 0.27818
582.434 0.27979
582.555 0.28139
582.675 0.27890
582.796 0.28500
582.916 0.28698
583.037 0.28968
583.157 0.28649
583.278 0.28406
583.398 0.28060
583.519 0.27713
583.639 0.28976
583.760 0.28720
583.880 0.28289
584.000 0.28028
584.121 0.28917
584.241 0.28683
584.362 0.28817
584.482 0.30374
584.603 0.30139
584.723 0.30163
584.844 0.30110
584.964 0.29283
585.085 0.28269
585.205 0.27548
585.325 0.27523
585.446 0.27869
585.566 0.28480
585.687 0.27844
585.807 0.28444
585.928 0.28380
586.048 0.28316
586.169 0.28252
586.289 0.28188
586.410 0.28124
586.530 0.28060
586.651 0.27996
586.771 0.27932
586.891 0.27868
587.012 0.27804
587.132 0.27740
587.253 0.27676
587.373 0.27612
587.494 0.27548
587.614 0.27484
587.735 0.27420
587.855 0.27356
587.976 0.27292
588.096 0.27228
588.217 0.27164
588.337 0.27100
588.457 0.27036
588.578 0.26972
588.698 0.26908
588.819 0.26844
588.939 0.26780
589.060 0.26716
589.180 0.26652
589.301 0.27760
589.421 0.27059
589.542 0.27007
589.662 0.26956
589.782 0.26483
589.903 0.26829
590.023 0.27204
590.144 0.26618
590.264 0.26704
590.385 0.27103
590.505 0.26620
590.626 0.26773
590.746 0.26761
590.867 0.26918
590.987 0.27276
591.108 0.27251
591.228 0.27617
591.348 0.27728
591.469 0.27181
591.589 0.27102
591.710 0.27535
591.830 0.26862
591.951 0.27003
592.071 0.27089
592.192 0.26479
592.312 0.26819
592.433 0.26621
592.553 0.26957
592.673 0.26774
592.794 0.26496
592.914 0.27173
593.035 0.26734
593.155 0.26632
593.276 0.26537
593.396 0.26839
593.517 0.27141
593.637 0.26352
593.758 0.25564
593.878 0.25695
593.999 0.26637
594.119 0.26223
594.239 0.27614
594.360 0.27824
594.480 0.27332
594.601 0.27756
594.721 0.27648
594.842 0.27382
594.962 0.27116
595.083 0.26851
595.203 0.26585
595.324 0.26319
595.444 0.26454
595.565 0.26746
595.685 0.25116
595.805 0.25587
595.926 0.25727
596.046 0.25554
596.167 0.25061
596.287 0.27870
596.408 0.27651
596.528 0.27432
596.649 0.27213
596.769 0.26714
596.890 0.26506
597.010 0.26297
597.130 0.26119
597.251 0.25940
597.371 0.26295
597.492 0.26630
597.612 0.26148
597.733 0.26603
597.853 0.26535
597.974 0.26466
598.094 0.26398
598.215 0.25915
598.335 0.26308
598.456 0.26121
598.576 0.25862
598.696 0.26916
598.817 0.27726
598.937 0.26946
599.058 0.27450
599.178 0.27048
599.299 0.27338
599.419 0.27043
599.540 0.27535
599.660 0.27198
599.781 0.26862
599.901 0.26101
600.021 0.26289
600.142 0.25870
600.262 0.26690
600.383 0.26139
600.503 0.25588
600.624 0.26016
600.744 0.26068
600.865 0.25910
600.985 0.25972
601.106 0.26686
601.226 0.26607
601.347 0.26466
601.467 0.26961
601.587 0.26978
601.708 0.27526
601.828 0.27457
601.949 0.26911
602.069 0.26930
602.190 0.26912
602.310 0.26415
602.431 0.26272
602.551 0.26084
602.672 0.26022
602.792 0.25941
602.913 0.26354
603.033 0.26314
603.153 0.26188
603.274 0.26062
603.394 0.25936
603.515 0.25891
603.635 0.26135
603.756 0.26059
603.876 0.26217
603.997 0.26375
604.117 0.26261
604.238 0.26284
604.358 0.26481
604.478 0.26549
604.599 0.25940
604.719 0.26105
604.840 0.26079
604.960 0.25990
605.081 0.25805
605.201 0.25938
605.322 0.26199
605.442 0.26218
605.563 0.26237
605.683 0.26256
605.804 0.26095
605.924 0.25972
606.044 0.26095
606.165 0.26296
606.285 0.26150
606.406 0.26298
606.526 0.26266
606.647 0.26435
606.767 0.25787
606.888 0.25977
607.008 0.25842
607.129 0.26040
607.249 0.26264
607.369 0.26028
607.490 0.25864
607.610 0.26195
607.731 0.26000
607.851 0.25925
607.972 0.25503
608.092 0.25268
608.213 0.25670
608.333 0.25607
608.454 0.25543
608.574 0.25480
608.695 0.25934
608.815 0.25917
608.935 0.26177
609.056 0.23920
609.176 0.23773
609.297 0.24184
609.417 0.23906
609.538 0.24394
609.658 0.24560
609.779 0.24725
609.899 0.24890
610.020 0.25056
610.140 0.25221
610.260 0.25386
610.381 0.25552
610.501 0.25717
610.622 0.25882
610.742 0.26048
610.863 0.26213
610.983 0.26135
611.104 0.26037
611.224 0.26235
611.345 0.24139
611.465 0.24080
611.586 0.24386
611.706 0.24303
611.826 0.26228
611.947 0.26218
612.067 0.26208
612.188 0.26198
612.308 0.25922
612.429 0.25942
612.549 0.25903
612.670 0.25584
612.790 0.25688
612.911 0.25509
613.031 0.25596
613.152 0.26044
613.272 0.26060
613.392 0.26021
613.513 0.25482
613.633 0.25851
613.754 0.26226
613.874 0.25729
613.995 0.26109
614.115 0.26236
614.236 0.25997
614.356 0.25758
614.477 0.26126
614.597 0.26494
614.717 0.26314
614.838 0.26133
614.958 0.25953
615.079 0.26061
615.199 0.26712
615.320 0.26328
615.440 0.26575
615.561 0.26509
615.681 0.26537
615.802 0.26412
615.922 0.26298
616.043 0.26583
616.163 0.26613
616.283 0.26643
616.404 0.26674
616.524 0.26428
616.645 0.26552
616.765 0.26461
616.886 0.26416
617.006 0.26428
617.127 0.26459
617.247 0.26168
617.368 0.26378
617.488 0.26238
617.608 0.26295
617.729 0.25788
617.849 0.25816
617.970 0.25623
618.090 0.26020
618.211 0.26306
618.331 0.25555
618.452 0.25850
618.572 0.25906
618.693 0.25437
618.813 0.25145
618.934 0.25779
619.054 0.26143
619.174 0.25559
619.295 0.25472
619.415 0.25393
619.536 0.25313
619.656 0.25233
619.777 0.25071
619.897 0.25540
620.018 0.25693
620.138 0.26062
620.259 0.26271
620.379 0.25871
620.500 0.25713
620.620 0.26124
620.740 0.26381
620.861 0.26001
620.981 0.26009
621.102 0.25357
621.222 0.25534
621.343 0.25185
621.463 0.25431
621.584 0.25312
621.704 0.25353
621.825 0.25395
621.945 0.25436
622.065 0.25724
622.186 0.25545
622.306 0.25365
622.427 0.25186
622.547 0.25190
622.668 0.25003
622.788 0.25140
622.909 0.24588
623.029 0.24575
623.150 0.24905
623.270 0.25461
623.391 0.24880
623.511 0.25127
623.631 0.24362
623.752 0.24635
623.872 0.25066
623.993 0.25110
624.113 0.24547
624.234 0.24229
624.354 0.24355
624.475 0.24199
624.595 0.24783
624.716 0.24616
624.836 0.24662
624.956 0.24675
625.077 0.24867
625.197 0.24549
625.318 0.24896
625.438 0.25097
625.559 0.24908
625.679 0.24659
625.800 0.24452
625.920 0.24521
626.041 0.24718
626.161 0.24916
626.282 0.25125
626.402 0.24935
626.522 0.25084
626.643 0.25117
626.763 0.25084
626.884 0.25239
627.004 0.25239
627.125 0.25240
627.245 0.25241
627.366 0.25242
627.486 0.25242
627.607 0.25243
627.727 0.25244
627.848 0.25244
627.968 0.25245
628.088 0.25246
628.209 0.25247
628.329 0.25247
628.450 0.25248
628.570 0.25249
628.691 0.25250
628.811 0.25250
628.932 0.25251
629.052 0.25252
629.173 0.25253
629.293 0.25253
629.413 0.25254
629.534 0.25255
629.654 0.25256
629.775 0.25256
629.895 0.25257
630.016 0.25258
630.136 0.25258
630.257 0.25259
630.377 0.25260
630.498 0.25261
630.618 0.25261
630.739 0.25262
630.859 0.25263
630.979 0.25264
631.100 0.25264
631.220 0.25265
631.341 0.25266
631.461 0.25267
631.582 0.25267
631.702 0.25268
631.823 0.25269
631.943 0.25269
632.064 0.25270
632.184 0.25271
632.304 0.25272
632.425 0.25272
632.545 0.25273
632.666 0.25274
632.786 0.25275
632.907 0.25275
633.027 0.25276
633.148 0.25105
633.268 0.25273
633.389 0.25373
633.509 0.25281
633.630 0.25190
633.750 0.25098
633.870 0.25006
633.991 0.25056
634.111 0.25221
634.232 0.24925
634.352 0.24905
634.473 0.24885
634.593 0.24865
634.714 0.24845
634.834 0.24825
634.955 0.24805
635.075 0.24962
635.196 0.25125
635.316 0.24828
635.436 0.25442
635.557 0.25465
635.677 0.25488
635.798 0.25511
635.918 0.25415
636.039 0.25954
636.159 0.26492
636.280 0.27031
636.400 0.27053
636.521 0.27257
636.641 0.26549
636.761 0.26261
636.882 0.25973
637.002 0.25685
637.123 0.25397
637.243 0.25109
637.364 0.25388
637.484 0.25032
637.605 0.25429
637.725 0.25520
637.846 0.25699
637.966 0.25647
638.087 0.25630
638.207 0.25199
638.327 0.25556
638.448 0.25181
638.568 0.25537
638.689 0.25496
638.809 0.25455
638.930 0.25413
639.050 0.25739
639.171 0.25469
639.291 0.25616
639.412 0.25892
639.532 0.23768
639.652 0.23729
639.773 0.23788
639.893 0.23850
640.014 0.23940
640.134 0.25732
640.255 0.25136
640.375 0.25264
640.496 0.25370
640.616 0.25305
640.737 0.25338
640.857 0.25101
640.978 0.24769
641.098 0.24880
641.218 0.24990
641.339 0.25100
641.459 0.25118
641.580 0.24786
641.700 0.24952
641.821 0.24875
641.941 0.25004
642.062 0.25010
642.182 0.24774
642.303 0.24453
642.423 0.24933
642.544 0.24809
642.664 0.24922
642.784 0.24545
642.905 0.24825
643.025 0.24944
643.146 0.24700
643.266 0.24628
643.387 0.24856
643.507 0.24785
643.628 0.24712
643.748 0.24728
643.869 0.24680
643.989 0.24705
644.109 0.24590
644.230 0.24595
644.350 0.24601
644.471 0.24608
644.591 0.24615
644.712 0.24523
644.832 0.24301
644.953 0.24393
645.073 0.24499
645.194 0.24348
645.314 0.24427
645.435 0.24505
645.555 0.24584
645.675 0.24528
645.796 0.24580
645.916 0.24603
646.037 0.24510
646.157 0.24434
646.278 0.24486
646.398 0.24524
646.519 0.24370
646.639 0.24298
646.760 0.24286
646.880 0.24256
647.000 0.24167
647.121 0.24183
647.241 0.22725
647.362 0.22747
647.482 0.22859
647.603 0.22702
647.723 0.23986
647.844 0.23944
647.964 0.23907
648.085 0.23978
648.205 0.23951
648.326 0.24020
648.446 0.24002
648.566 0.23872
648.687 0.23829
648.807 0.23889
648.928 0.23917
649.048 0.23945
649.169 0.23973
649.289 0.23948
649.410 0.23922
649.530 0.23934
649.651 0.23946
649.771 0.23958
649.892 0.24062
650.012 0.24026
650.132 0.24045
650.253 0.24029
650.373 0.24076
650.494 0.24079
650.614 0.24061
650.735 0.23910
650.855 0.23993
650.976 0.23905
651.096 0.23918
651.217 0.23869
651.337 0.23826
651.457 0.23574
651.578 0.25187
651.698 0.25152
651.819 0.25118
651.939 0.25083
652.060 0.25049
652.180 0.25014
652.301 0.24980
652.421 0.24945
652.542 0.24910
652.662 0.24876
652.783 0.24841
652.903 0.24807
653.023 0.24772
653.144 0.24738
653.264 0.24703
653.385 0.24668
653.505 0.24634
653.626 0.24599
653.746 0.24565
653.867 0.24530
653.987 0.24496
654.108 0.24461
654.228 0.24426
654.348 0.24392
654.469 0.24357
654.589 0.24323
654.710 0.24288
654.830 0.24254
654.951 0.24219
655.071 0.24184
655.192 0.24150
655.312 0.24115
655.433 0.24081
655.553 0.24046
655.674 0.24012
655.794 0.23977
655.914 0.23942
656.035 0.23908
656.155 0.23873
656.276 0.23839
656.396 0.23804
656.517 0.23770
656.637 0.23735
656.758 0.23700
656.878 0.23666
656.999 0.23631
657.119 0.23597
657.240 0.23562
657.360 0.23528
657.480 0.23493
657.601 0.23458
657.721 0.23424
657.842 0.23389
657.962 0.23355
658.083 0.23320
658.203 0.23286
658.324 0.23251
658.444 0.23216
658.565 0.23182
658.685 0.23147
658.805 0.23113
658.926 0.23078
659.046 0.23043
659.167 0.23009
659.287 0.22974
659.408 0.22940
659.528 0.22905
659.649 0.22871
659.769 0.22836
659.890 0.22801
660.010 0.22767
660.131 0.22732
660.251 0.22698
660.371 0.22663
660.492 0.22629
660.612 0.22594
660.733 0.22559
660.853 0.22525
660.974 0.22671
661.094 0.22645
661.215 0.22685
661.335 0.22571
661.456 0.22683
661.576 0.22533
661.696 0.22544
661.817 0.22541
661.937 0.22526
662.058 0.22230
662.178 0.22440
662.299 0.22346
662.419 0.22298
662.540 0.22518
662.660 0.22417
662.781 0.22577
662.901 0.22638
663.022 0.22614
663.142 0.22651
663.262 0.21819
663.383 0.21788
663.503 0.22609
663.624 0.22481
663.744 0.22052
663.865 0.22219
663.985 0.22197
664.106 0.22399
664.226 0.22601
664.347 0.22802
664.467 0.23004
664.587 0.23205
664.708 0.22189
664.828 0.22509
664.949 0.22821
665.069 0.23276
665.190 0.23202
665.310 0.22910
665.431 0.22636
665.551 0.22780
665.672 0.22807
665.792 0.22977
665.913 0.22696
666.033 0.23049
666.153 0.22825
666.274 0.22833
666.394 0.22841
666.515 0.22849
666.635 0.22857
666.756 0.22865
666.876 0.22873
666.997 0.22881
667.117 0.22889
667.238 0.22897
667.358 0.22905
667.479 0.22913
667.599 0.22921
667.719 0.22929
667.840 0.22937
667.960 0.22946
668.081 0.22954
668.201 0.22962
668.322 0.22970
668.442 0.22978
668.563 0.22986
668.683 0.22994
668.804 0.23002
668.924 0.23010
669.044 0.23018
669.165 0.23026
669.285 0.23034
669.406 0.23042
669.526 0.22772
669.647 0.22579
669.767 0.22504
669.888 0.22288
670.008 0.22399
670.129 0.22332
670.249 0.22951
670.370 0.22319
670.490 0.21947
670.610 0.22060
670.731 0.22533
670.851 0.22441
670.972 0.22396
671.092 0.22353
671.213 0.22176
671.333 0.22085
671.454 0.21561
671.574 0.21429
671.695 0.21295
671.815 0.20941
671.935 0.20861
672.056 0.21109
672.176 0.20876
672.297 0.21338
672.417 0.21358
672.538 0.20017
672.658 0.20114
672.779 0.20779
672.899 0.20862
673.020 0.20962
673.140 0.20994
673.261 0.20783
673.381 0.20962
673.501 0.20639
673.622 0.20877
673.742 0.20838
673.863 0.20769
673.983 0.20630
674.104 0.20791
674.224 0.20913
674.345 0.20738
674.465 0.20927
674.586 0.19775
674.706 0.20107
674.827 0.20439
674.947 0.20603
675.067 0.20399
675.188 0.20506
675.308 0.20403
675.429 0.20478
675.549 0.20529
675.670 0.20440
675.790 0.20449
675.911 0.20446
676.031 0.19577
676.152 0.19977
676.272 0.20377
676.392 0.20338
676.513 0.20305
676.633 0.20331
676.754 0.20362
676.874 0.20483
676.995 0.20382
677.115 0.20032
677.236 0.20070
677.356 0.19435
677.477 0.19286
677.597 0.19797
677.718 0.20134
677.838 0.20111
677.958 0.20113
678.079 0.20162
678.199 0.20105
678.320 0.19918
678.440 0.19932
678.561 0.19907
678.681 0.19931
678.802 0.19954
678.922 0.19978
679.043 0.19203
679.163 0.19301
679.283 0.19314
679.404 0.19234
679.524 0.19840
679.645 0.19725
679.765 0.19828
679.886 0.19778
680.006 0.19755
680.127 0.19732
680.247 0.19768
680.368 0.18992
680.488 0.19320
680.609 0.19648
680.729 0.19482
680.849 0.19588
680.970 0.19619
681.090 0.19302
681.211 0.19214
681.331 0.19294
681.452 0.18551
681.572 0.18454
681.693 0.18823
681.813 0.19191
681.934 0.18477
682.054 0.18608
682.175 0.18561
682.295 0.18583
682.415 0.18598
682.536 0.18479
682.656 0.18806
682.777 0.18896
682.897 0.18895
683.018 0.18234
683.138 0.18609
683.259 0.18565
683.379 0.17344
683.500 0.17218
683.620 0.17735
683.740 0.17554
683.861 0.17706
683.981 0.17627
684.102 0.17102
684.222 0.17010
684.343 0.16810
684.463 0.16749
684.584 0.16680
684.704 0.16584
684.825 0.16279
684.945 0.16211
685.066 0.16226
685.186 0.16073
685.306 0.15913
685.427 0.15814
685.547 0.15710
685.668 0.15487
685.788 0.15337
